0.001 0.005
-6.55388e-194 7.0174e-194 
-2.46014e-18 3.75168e-18 
-3.51855e-06 1.18673e-05 
-0.0164605 0.266503 
-0.189211 0.290149 
-0.389009 0.0595451 
-0.14997 -0.00566925 
-0.00922034 -0.00750486 
-0.00562028 -0.00548358 
-0.00404765 -0.00426212 
0.0688187 -0.00484997 
0.282814 -0.020823 
0.182436 -0.0739016 
0.0851372 -0.154087 
0.0229467 -0.229257 
-0.0025 -0.206743 
-0.00664699 -0.0480188 
-0.00579915 0.00259864 
-0.00674653 0.14294 
-0.0169742 0.213945 
-0.044755 0.15293 
-0.0886939 0.0903632 
-0.139971 0.0415629 
-0.183762 0.0107021 
-0.174276 -0.00292783 
-0.0446726 -0.00619434 
0.141173 -0.00759545 
0.179762 -0.0142559 
0.138014 -0.0313203 
0.0919314 -0.059259 
0.0524752 -0.0944839 
0.0228313 -0.131604 
0.00448889 -0.159664 
-0.00398323 -0.12779 
-0.00753013 0.0865893 
-0.0125481 0.157187 
-0.0238915 0.12856 
-0.0430022 0.0923727 
-0.0683871 0.059454 
-0.0972383 0.0323964 
-0.125224 0.0126927 
-0.13388 0.000626433 
-0.0117464 -0.00582346 
0.130372 -0.0109581 
0.121319 -0.0192363 
0.0923819 -0.0329326 
0.06429 -0.0518379 
0.0398553 -0.0743887 
0.0203412 -0.0981899 
0.00641279 -0.11544 
-0.00249981 -0.0728177 
-0.00876561 0.0807057 
-0.0157923 0.112563 
-0.026167 0.0919595 
-0.040625 0.0678008 
-0.0584852 0.045738 
-0.0782695 0.0270482 
-0.0960157 0.0124149 
-0.0883711 0.00185963 
0.0152301 -0.00575185 
0.095521 -0.0126623 
0.0902951 -0.0211959 
0.0703256 -0.0326278 
0.0504386 -0.0469835 
0.0328059 -0.0634237 
0.0181357 -0.0796809 
0.0066656 -0.0848593 
-0.0020685 -0.0335968 
-0.0093992 0.063931 
-0.0171085 0.0851677 
-0.0265959 0.0717529 
-0.0383752 0.054193 
-0.0521257 0.0377171 
-0.0665088 0.0233757 
-0.0759679 0.0115137 
-0.0561533 0.00200644 
0.0227571 -0.00587908 
0.0730535 -0.0133741 
0.0713248 -0.021725 
0.0570314 -0.0316851 
0.0418806 -0.0433288 
0.0280821 -0.0559224 
0.0161743 -0.0664254 
0.00621913 -0.0620615 
-0.00215191 -0.0130597 
-0.00973136 0.0516493 
-0.0175001 0.0674954 
-0.0262474 0.0586812 
-0.0362972 0.0453231 
-0.0473376 0.0322553 
-0.0576494 0.0205332 
-0.0603357 0.0103873 
-0.0351222 0.00167313 
0.0239498 -0.0060905 
0.0583299 -0.013616 
0.0584641 -0.0216068 
0.0479331 -0.0305003 
0.0358888 -0.0402676 
0.0245377 -0.0499522 
0.0143961 -0.0556914 
0.00548858 -0.0451553 
-0.00245178 -0.00242374 
-0.00991304 0.0429251 
-0.0174634 0.0553124 
-0.0255545 0.0493947 
-0.0343255 0.0389204 
-0.0432848 0.0281537 
-0.0502112 0.0181764 
-0.0478054 0.00921024 
-0.0216319 0.0011485 
0.0231307 -0.0063229 
0.0481147 -0.0136332 
0.0491503 -0.0211894 
0.0411868 -0.0292116 
0.0313316 -0.0374924 
0.0216823 -0.0447444 
0.012778 -0.0466283 
0.00466683 -0.0327766 
-0.00282791 0.00321823 
-0.0100119 0.0365102 
-0.0172223 0.046461 
-0.0246998 0.0423885 
-0.0324046 0.0339743 
-0.0396001 0.0248678 
-0.0436755 0.0161473 
-0.0377855 0.00806397 
-0.0129087 0.000565715 
0.0216951 -0.00654701 
0.0406603 -0.0135356 
0.0420843 -0.0206262 
0.0359103 -0.0278689 
0.027667 -0.034858 
0.0192782 -0.0400066 
0.0113065 -0.038925 
0.00384245 -0.0237477 
-0.00321633 0.00625515 
-0.0100581 0.0316129 
-0.0168759 0.0397567 
-0.0237605 0.0368775 
-0.0305041 0.0299739 
-0.0361381 0.0221217 
-0.0378649 0.0143631 
-0.0298212 0.00698377 
-0.00717273 -1.45179e-05 
0.0201282 -0.00674913 
0.0349906 -0.0133719 
0.0365316 -0.0199835 
0.0316278 -0.0264921 
0.0246082 -0.0323076 
0.0171977 -0.0356429 
0.00996916 -0.0324048 
0.00305476 -0.0171365 
-0.00358763 0.00787085 
-0.0100643 0.0277496 
-0.0164674 0.0345049 
-0.0227697 0.0324075 
-0.0286146 0.0266349 
-0.0328547 0.0197626 
-0.0327104 0.012774 
-0.0235101 0.0059822 
-0.00333449 -0.000564823 
0.0186035 -0.00692219 
0.0305308 -0.0131626 
0.0320454 -0.0192901 
0.0280587 -0.0250923 
0.02199 -0.0298287 
0.0153656 -0.0316295 
0.00875336 -0.0269174 
0.00232002 -0.0122567 
-0.00392802 0.00867863 
-0.0100349 0.0246172 
-0.0160152 0.0302762 
-0.0217437 0.0286961 
