0.001 0.01
0 0 
-3.20128e-16 7.80477e-16 
-0.000396034 -0.000400352 
-0.000280339 -0.000278061 
-0.000249275 -0.000244733 
0.00834482 -0.168939 
-0.000427015 -0.000421188 
-0.000371798 -0.000371233 
-0.0728733 0.0316042 
-0.000499754 -0.000510267 
-0.000438805 -0.000441945 
0.0482143 -0.0323306 
-0.000570028 -0.0213865 
-0.000490267 -0.000485277 
-0.0132416 0.0590625 
-0.128515 -0.000615185 
-0.000521278 -0.000527557 
0.0665095 -0.00483312 
-0.000354644 -0.0904538 
-0.00055871 -0.00055122 
-0.00173379 0.0718949 
-0.0637607 0.0017131 
-0.000669331 -0.000586693 
0.0759574 -0.000819766 
0.00657762 -0.0443318 
-0.000613322 -0.103229 
-0.000608082 0.0791257 
-0.0299363 0.0130739 
-0.0958927 -0.000639279 
0.0816598 -0.000577448 
0.0198257 -0.019311 
-0.000650413 -0.0768069 
-0.000587151 0.0836948 
-0.0117047 0.0261507 
-0.0612583 -0.000514594 
0.0850586 -0.000611908 
0.0318342 -0.00660037 
0.000199926 -0.0484486 
-0.000643633 0.0601641 
-0.00350102 0.0368741 
-0.0378051 0.00199804 
-0.0826312 -0.000673498 
0.0413291 -0.00185039 
0.00493394 -0.028934 
-0.000701345 -0.0710975 
-0.00109855 0.0452742 
-0.0215743 0.00864491 
-0.0601206 -0.000715807 
0.0487788 -0.000809554 
0.0127019 -0.0155512 
-0.000661853 -0.050554 
-0.000721848 0.0519078 
-0.0107531 0.0168042 
-0.0421811 -0.000372137 
0.0546365 -0.000706068 
0.0207782 -0.00708882 
0.000400534 -0.0348298 
-0.000715503 0.0356928 
-0.00446232 0.0245455 
-0.0283775 0.0018375 
-0.0552786 -0.000729144 
0.0280714 -0.00272717 
0.00392006 -0.0227281 
-0.000740905 -0.0517566 
-0.00169492 0.0313558 
-0.0178226 0.00649032 
-0.0449296 -0.000719887 
0.034403 -0.00114547 
0.00934502 -0.0136154 
-0.000600177 -0.0387115 
-0.00089149 0.0372304 
-0.0100876 0.0123251 
-0.03309 -0.000249133 
0.0395603 -0.00078808 
0.0153114 -0.00721609 
0.000467732 -0.0280046 
-0.000758351 0.0249399 
-0.00498426 0.0182398 
-0.0234198 0.00163692 
-0.0383359 -0.000751384 
0.021064 -0.00334194 
0.00323504 -0.0192983 
-0.000744903 -0.0411455 
-0.0022228 0.0237706 
-0.0156284 0.00518171 
-0.0364861 -0.000692323 
0.0263438 -0.00151724 
0.00735793 -0.0123918 
-0.000534647 -0.0319372 
-0.00111819 0.0287755 
-0.00959376 0.00967049 
-0.0277407 -0.000172634 
0.0305198 -0.000910464 
0.0120329 -0.00722584 
0.000470167 -0.0238755 
-0.000818753 0.0191634 
-0.00529446 0.0143991 
-0.0203343 0.00144551 
-0.0265813 -0.00077462 
0.0167239 -0.00377836 
0.00273223 -0.0170969 
-0.000741259 -0.0341101 
-0.00265794 0.0189942 
-0.014167 0.00428661 
-0.0310633 -0.000661039 
0.0211857 -0.00187481 
0.00602932 -0.0115338 
-0.000483352 -0.0275339 
-0.00137334 0.0232628 
-0.00921027 0.00790251 
-0.0242028 -0.000130914 
0.0244819 -0.00107086 
0.00983997 -0.00719109 
0.000442316 -0.0210944 
-0.000908006 0.015528 
-0.0054905 0.0118091 
-0.0182155 0.00127324 
-0.0183107 -0.000813768 
0.0137689 -0.00409696 
0.00234328 -0.0155519 
-0.000744997 -0.0287967 
-0.00301056 0.0157084 
-0.0131135 0.00362855 
-0.0272155 -0.000638295 
0.0175982 -0.00219723 
0.0050714 -0.0108916 
-0.000449052 -0.0244249 
-0.001631 0.0193711 
-0.0089018 0.00663481 
-0.0216802 -0.000112863 
0.0201793 -0.0012535 
0.00826589 -0.00713886 
0.000400254 -0.0190859 
-0.00102277 0.013012 
-0.00561967 0.00994173 
-0.0166632 0.00112033 
-0.0125207 -0.000873702 
0.0116255 -0.00433609 
0.00203123 -0.0144011 
-0.000764199 -0.0244484 
-0.00329694 0.0133084 
-0.0123125 0.00312072 
-0.0242596 -0.000630224 
0.0149558 -0.00248025 
0.00434439 -0.0103891 
-0.000431709 -0.0220904 
-0.00187667 0.0164697 
-0.00864692 0.00567833 
-0.0197825 -0.000111749 
0.0169759 -0.00144414 
0.00707888 -0.00708049 
0.000351321 -0.0175622 
-0.00115507 0.0111584 
-0.00570717 0.00853013 
-0.0154725 0.000984462 
-0.00847445 -0.000953155 
0.00999879 -0.00451997 
0.0017739 -0.0135069 
-0.000801553 -0.0207459 
-0.00353158 0.0114775 
-0.0116797 0.00271486 
-0.0218372 -0.000639383 
0.0129257 -0.00272623 
0.00377172 -0.00998265 
-0.000430865 -0.0202456 
-0.00210391 0.0142201 
-0.00843184 0.00492925 
-0.0182938 -0.000124032 
0.0145123 -0.00163316 
0.00615056 -0.00702106 
0.000298539 -0.0163621 
-0.00129704 0.00973136 
-0.00576745 0.00742473 
-0.0145271 0.00086264 
-0.00563637 -0.00104809 
0.00872148 -0.0046643 
0.00155691 -0.0127895 
-0.000856217 -0.0175498 
-0.00372583 0.0100338 
-0.011165 0.00238168 
-0.0197506 -0.00066587 
0.0113152 -0.00293965 
0.00330768 -0.00964574 
-0.000445756 -0.018721 
-0.00231086 0.0124245 
-0.00824725 0.00432566 
-0.0170839 -0.000147901 
0.0125689 -0.00181496 
0.00540391 -0.00696294 
0.000242813 -0.015388 
-0.00144251 0.0085963 
-0.00580927 0.00653513 
-0.0137558 0.000751863 
-0.00363208 -0.00115383 
0.00769144 -0.00477954 
0.00137028 -0.0121994 
-0.000925539 -0.0147904 
-0.00388836 0.00886546 
-0.0107368 0.00210216 
-0.0178904 -0.000708204 
0.0100052 -0.00312519 
0.00292312 -0.00936089 
-0.000475179 -0.0174106 
-0.00249792 0.0109591 
-0.00808664 0.00382821 
-0.0160686 -0.000182263 
0.0110035 -0.00198666 
0.00478986 -0.00690719 
0.000184127 -0.0145764 
-0.00158717 0.0076704 
-0.00583819 0.00580339 
-0.0131121 0.000649368 
-0.00220556 -0.00126618 
0.00684283 -0.0048729 
0.00120675 -0.0117039 
-0.00100625 -0.0124209 
-0.00402569 0.0078999 
-0.010374 0.00186322 
-0.0161968 -0.00076407 
0.00891819 -0.00328713 
0.00259841 -0.00911617 
-0.000517527 -0.0162461 
-0.00266651 0.00974177 
-0.00794525 0.00341059 
-0.0151914 -0.000226185 
0.00972041 -0.00214708 
0.00427558 -0.00685422 
0.000122196 -0.013884 
-0.0017282 0.00689979 
-0.00585789 0.00519064 
-0.012564 0.000552775 
-0.00118299 -0.00138172 
0.0061313 -0.00494946 
0.00106081 -0.0112806 
-0.00109517 -0.0104 
-0.00414279 0.00708813 
-0.0100616 0.00165549 
-0.0146385 -0.000830869 
0.00800148 -0.00342913 
0.00231976 -0.00890309 
-0.000570941 -0.0151836 
-0.00281839 0.00871604 
-0.00781955 0.00305445 
-0.0144128 -0.000278677 
0.00865295 -0.00229606 
0.00383821 -0.00680414 
5.68002e-05 -0.0132801 
-0.0018639 0.00624784 
-0.00587086 0.00466977 
-0.0120888 0.000460152 
-0.000446023 -0.00149788 
0.00552584 -0.00501288 
0.000928254 -0.0109132 
-0.0011895 -0.00868689 
-0.00424345 0.00639583 
-0.00978913 0.00147198 
-0.0131998 -0.000906063 
0.00721808 -0.00355427 
0.00207714 -0.0087154 
-0.000633482 -0.0141951 
-0.0029554 0.00784139 
-0.00770682 0.00274655 
-0.013705 -0.000338643 
0.00775333 -0.00243396 
0.00346132 -0.00675687 
-1.20959e-05 -0.0127419 
-0.00199334 0.0056887 
-0.00587882 0.00422128 
-0.0116696 0.000370029 
8.66029e-05 -0.00161279 
0.00500416 -0.00506589 
0.000805834 -0.0105899 
-0.00128694 -0.00724166 
-0.00433063 0.00579828 
-0.00954846 0.00130742 
-0.0118728 -0.000987363 
0.00654111 -0.00366509 
0.00186301 -0.00854833 
-0.00070327 -0.0132632 
-0.00307924 0.00708796 
-0.00760492 0.00247701 
-0.0130483 -0.000404921 
0.00698655 -0.00256143 
0.0031327 -0.00671225 
-8.43217e-05 -0.0122529 
-0.00211612 0.0052036 
-0.00588301 0.00383074 
-0.0112935 0.000281355 
0.00047131 -0.00172517 
0.00454974 -0.00511051 
0.000691072 -0.0103012 
-0.00138567 -0.00602655 
-0.00440664 0.00527716 
-0.00933343 0.00115774 
-0.0106533 -0.00107281 
0.00595056 -0.00376373 
0.0016716 -0.00839818 
-0.000778579 -0.0123777 
-0.00319149 0.00643322 
-0.00751211 0.00223834 
-0.0124288 -0.000476343 
0.00632643 -0.00267923 
0.00284311 -0.00667009 
-0.000159539 -0.0118003 
-0.00223215 0.00477858 
-0.00588432 0.00348723 
-0.0109506 0.00019344 
0.000747765 -0.00183419 
0.00415012 -0.00514832 
0.0005821 -0.01004 
-0.00148431 -0.0050071 
-0.00447332 0.00481862 
-0.00913912 0.00101981 
-0.00953769 -0.00116078 
0.00543117 -0.00385192 
0.00149845 -0.00826196 
-0.000857884 -0.0115332 
-0.0032935 0.00585984 
-0.00742697 0.00202472 
-0.0118371 -0.000551792 
0.00575306 -0.00278818 
0.0025854 -0.00663014 
-0.000237297 -0.0113746 
-0.00234155 0.00440297 
-0.00588339 0.00318232 
-0.0106331 0.000105885 
0.000944206 -0.00193932 
0.00379569 -0.0051805 
0.00047754 -0.00980053 
-0.00158184 -0.0041528 
-0.00453213 0.00441194 
-0.00896156 0.000891184 
-0.00852227 -0.00124996 
0.00497108 -0.00393112 
0.00134006 -0.00813721 
-0.000939878 -0.0107273 
-0.0033865 0.0053542 
-0.00734828 0.00183157 
-0.0112667 -0.000630238 
0.00525103 -0.00288904 
0.00235394 -0.00659216 
-0.000317082 -0.0109685 
-0.00244459 0.00406852 
-0.00588069 0.00290938 
-0.0103347 1.85045e-05 
0.00108098 -0.00204027 
0.00347888 -0.00520801 
0.000376395 -0.009578 
-0.00167752 -0.00343717 
-0.00458425 0.00404872 
-0.00879748 0.000770013 
-0.00760249 -0.00133934 
0.00456089 -0.00400254 
0.00119367 -0.00802191 
-0.00102347 -0.00995915 
-0.00347152 0.00490549 
-0.00727499 0.00165526 
-0.0107135 -0.000710761 
0.00480829 -0.00298255 
0.00214425 -0.00655591 
-0.000398366 -0.0105769 
-0.00254158 0.00376872 
-0.00587656 0.00266314 
