0.001 0.01
0 0 
-1.44761e-94 2.68386e-94 
-1.662e-31 7.9689e-31 
-2.67387e-07 0.191374 
-0.114893 0.252536 
-0.434366 -0.00472056 
-0.0154346 -0.00701056 
-0.00493485 -0.00648534 
-0.00472354 -0.00605913 
-0.00447762 -0.00537013 
-0.00319165 -0.00457734 
0.293753 -0.00387715 
0.147625 -0.0189707 
0.0308375 -0.114153 
-0.00841644 -0.226214 
-0.00775961 -0.33217 
-0.00726127 -0.00581154 
-0.0066386 -0.00552544 
-0.00580864 0.303599 
-0.00500128 0.210323 
-0.00745997 0.124786 
-0.046715 0.0494065 
-0.112612 -0.00102373 
-0.181076 -0.00856765 
-0.247399 -0.00793839 
-0.150055 -0.00738728 
0.239779 -0.0066165 
0.175238 -0.00576394 
0.114612 -0.00565024 
0.0588822 -0.0213414 
0.0129456 -0.0627197 
-0.00824587 -0.111666 
-0.00910101 -0.16109 
-0.00856216 -0.2094 
-0.00788042 0.204931 
-0.00700951 0.155591 
-0.00628779 0.108622 
-0.011566 0.064508 
-0.0365313 0.0252103 
-0.0727076 -0.00234248 
-0.111402 -0.00964667 
-0.150099 -0.00927676 
-0.160963 -0.00866858 
0.143291 -0.00785076 
0.104928 -0.00697909 
0.0684153 -0.0081 
0.0346731 -0.0216269 
0.00676116 -0.0480613 
-0.00802904 -0.0790447 
-0.00977614 -0.11099 
-0.00921909 -0.142807 
-0.00849384 0.134856 
-0.00760769 0.102423 
-0.00728326 0.0712731 
-0.0134779 0.0418961 
-0.0317902 0.0157499 
-0.0566064 -0.00308942 
-0.0834056 -0.00967074 
-0.110592 -0.00965168 
0.0233826 -0.00900939 
0.100614 -0.00817737 
0.0734524 -0.00741336 
0.0475125 -0.00954082 
0.0235546 -0.0210698 
0.00368936 -0.0405035 
-0.00772936 -0.0630784 
-0.00991846 -0.0865883 
-0.00942999 -0.109963 
-0.00868418 0.0992392 
-0.00782311 0.0751651 
-0.00803532 0.0519745 
-0.0143318 0.0301015 
-0.0288209 0.0106697 
-0.0476765 -0.00360269 
-0.0681109 -0.00947451 
-0.0890083 -0.00977546 
0.0782309 -0.00912778 
0.0765479 -0.00829501 
0.0555959 -0.00774453 
0.0355754 -0.010505 
0.0171178 -0.0204716 
0.00178193 -0.0358491 
-0.00752154 -0.0535693 
-0.00988636 -0.072125 
-0.00950805 -0.0872872 
-0.00875188 0.0776791 
-0.00796067 0.0585864 
-0.00867844 0.0401781 
-0.0147659 0.0228353 
-0.0267732 0.00745484 
-0.041967 -0.00400554 
-0.0584497 -0.00925674 
-0.0753691 -0.00979819 
0.073153 -0.00916907 
0.0610973 -0.00835169 
0.0440867 -0.00807192 
0.0278415 -0.011184 
0.0128946 -0.0199393 
0.000453179 -0.0326708 
-0.00739104 -0.0472383 
-0.00978874 -0.0625413 
-0.00952905 -0.0597315 
-0.00877471 0.0632247 
-0.00809714 0.0474364 
-0.00922677 0.0322143 
-0.0150001 0.0178955 
-0.0252646 0.005216 
-0.0379843 -0.0043389 
-0.0517803 -0.00906291 
-0.0657713 -0.00976966 
0.0629061 -0.00917662 
0.0503365 -0.00839685 
0.0360474 -0.0083986 
0.0224152 -0.0116801 
0.00989725 -0.0194804 
-0.000539434 -0.0303492 
-0.00731316 -0.0427081 
-0.00966928 -0.0557112 
-0.009519 -0.0217898 
-0.00878208 0.0528592 
-0.00824991 0.0394216 
-0.00969107 0.0264719 
-0.0151279 0.0143109 
-0.0240999 0.0035559 
-0.0350375 -0.00462258 
-0.0468909 -0.00890028 
-0.0578559 -0.00971335 
0.0540158 -0.00916759 
0.0424102 -0.0084496 
0.0301118 -0.00871459 
0.018393 -0.0120533 
0.00765172 -0.019085 
-0.00131653 -0.0285711 
-0.00726991 -0.0392987 
-0.00954684 -0.0505645 
-0.00949006 0.0106606 
-0.0087878 0.045062 
-0.00841785 0.033381 
-0.0100839 0.0221322 
-0.0151947 0.011586 
-0.0231692 0.00226924 
-0.0327627 -0.00486835 
-0.0431464 -0.00876615 
-0.0493302 -0.00964239 
0.0468251 -0.00915068 
0.0363278 -0.00851609 
0.0255477 -0.00901242 
0.015289 -0.0123407 
0.00590181 -0.0187422 
-0.00194567 -0.0271609 
-0.00724947 -0.036635 
-0.0094295 -0.0464402 
-0.00944964 0.0269277 
-0.00879874 0.0389831 
-0.00859507 0.028664 
-0.0104175 0.0187352 
-0.0152248 0.00944121 
-0.0224055 0.00123872 
-0.0309493 -0.00508405 
-0.0401771 -0.00865577 
-0.0380265 -0.00956467 
0.0410046 -0.00913126 
0.0315121 -0.00859648 
0.0219277 -0.00928845 
0.0128187 -0.0125665 
0.00449658 -0.0184421 
-0.00246801 -0.0260118 
-0.00724409 -0.0344928 
-0.00932043 -0.0427875 
-0.00940298 0.0321324 
-0.00881793 0.0341105 
-0.00877564 0.0248777 
-0.0107023 0.0160022 
-0.0152319 0.00770693 
-0.0217655 0.000392204 
-0.029467 -0.00527525 
-0.0377412 -0.00856457 
-0.0235031 -0.00948512 
0.0362297 -0.0091129 
0.0276043 -0.00868842 
0.0189854 -0.00954174 
0.0108046 -0.0127466 
0.00334122 -0.0181772 
-0.00291026 -0.0250552 
-0.00724868 -0.0327284 
-0.00922056 -0.0390152 
-0.00935403 0.0324469 
-0.00884616 0.0301172 
-0.00895493 0.0217708 
-0.010947 0.013755 
-0.0152243 0.00627404 
-0.0212201 -0.000317254 
-0.0282307 -0.0054461 
-0.0356507 -0.00848871 
-0.0082899 -0.00940688 
0.0322534 -0.00909796 
0.0243692 -0.00878881 
0.016546 -0.00977293 
0.00912981 -0.0128923 
0.00237307 -0.0179415 
-0.00329057 -0.0242449 
-0.00725982 -0.0312425 
-0.00912986 -0.034478 
-0.00930576 0.0309338 
-0.008883 0.0267846 
-0.0091297 0.0191749 
-0.0111586 0.0118737 
-0.0152073 0.00506915 
-0.0207487 -0.000921594 
-0.0271816 -0.00559976 
-0.0337246 -0.00842515 
0.00412471 -0.00933204 
0.0288956 -0.00908788 
0.0216465 -0.00889464 
0.0144902 -0.00998339 
0.00771443 -0.0130115 
0.001549 -0.0177301 
-0.0036218 -0.0235484 
-0.00727521 -0.0299585 
-0.00904792 -0.0286468 
-0.00926036 0.0288389 
-0.00892739 0.023961 
-0.00929787 0.0169733 
-0.0113427 0.0102753 
-0.0151842 0.00404107 
-0.0203364 -0.00144335 
-0.0262772 -0.00573873 
-0.0317609 -0.00837153 
0.012262 -0.00926196 
0.0260245 -0.00908339 
0.0193233 -0.00900332 
0.0127337 -0.0101748 
0.00650192 -0.01311 
0.000838362 -0.0175392 
-0.00391333 -0.0229423 
-0.00729329 -0.0288076 
-0.00897419 -0.0214348 
-0.00921931 0.026647 
-0.00897801 0.021538 
-0.00945824 0.0150822 
-0.0115039 0.00889985 
-0.0151571 0.00315296 
-0.0199722 -0.00189891 
-0.0254842 -0.00586502 
-0.0295301 -0.00832606 
0.0167219 -0.00919752 
0.0235424 -0.00908472 
0.0173173 -0.00911279 
0.0112152 -0.010349 
0.00545113 -0.0131919 
0.000218707 -0.0173658 
-0.00417221 -0.0224086 
-0.00731299 -0.0277181 
-0.00890817 -0.0134257 
-0.00918357 0.0245418 
-0.00903355 0.0194359 
-0.00961021 0.01344 
-0.0116458 0.00770352 
-0.0151276 0.00237764 
-0.0196476 -0.0023005 
-0.0247734 -0.00598027 
-0.026799 -0.00828737 
0.0187285 -0.00913925 
0.0213758 -0.00909175 
0.0155677 -0.00922147 
0.00988927 -0.0105077 
0.00453138 -0.0132606 
-0.000326765 -0.0172075 
-0.00440382 -0.0219329 
-0.00733361 -0.026608 
-0.00884939 -0.00566667 
-0.00915365 0.0225866 
-0.00909277 0.0175947 
-0.00975358 0.0120004 
-0.0117713 0.00665318 
-0.0150966 0.0016946 
-0.0193558 -0.00265744 
-0.0241157 -0.00608585 
-0.0233908 -0.00825446 
0.01929 -0.00908742 
0.0194683 -0.00910412 
0.014028 -0.00932819 
0.00872118 -0.0106525 
0.00371933 -0.0133184 
-0.000810896 -0.0170621 
-0.00461241 -0.0215024 
-0.00735469 -0.0253827 
-0.0087974 0.000896022 
-0.00912974 0.0207956 
-0.00915459 0.0159687 
-0.00988845 0.010728 
-0.0118829 0.00572347 
-0.0150648 0.00108805 
-0.019091 -0.00297695 
-0.0234792 -0.00618293 
-0.0192692 -0.00822656 
0.0190546 -0.00904211 
0.0177764 -0.00912136 
0.0126625 -0.00943215 
0.00768419 -0.0107847 
0.00299692 -0.0133674 
-0.00124368 -0.0169279 
-0.00480132 -0.0211049 
-0.00737596 -0.0239386 
-0.00875184 0.00582395 
-0.00911181 0.0191635 
-0.00921809 0.0145222 
-0.0100151 0.00959519 
-0.0119825 0.00489459 
-0.0150327 0.000545667 
-0.0188483 -0.00326476 
-0.0228266 -0.0062725 
-0.0145996 -0.0082031 
0.0184008 -0.00900324 
0.0162654 -0.00914293 
0.0114433 -0.0095328 
0.0067573 -0.0109057 
0.00234994 -0.013409 
-0.00163302 -0.0168033 
-0.0049733 -0.020727 
-0.00739726 -0.0221761 
-0.00871235 0.00916918 
-0.00909962 0.0176777 
-0.0092825 0.0132269 
-0.0101338 0.00858008 
-0.0120717 0.00415087 
-0.0150006 5.76512e-05 
-0.0186223 -0.00352545 
-0.0221145 -0.00635544 
-0.0097307 -0.00818365 
0.0175418 -0.00897062 
0.0149079 -0.00916826 
0.0103478 -0.0096298 
