0.0005 0.005
-6.01061e-272 6.3179e-272 
-7.56393e-19 1.13945e-18 
-3.08101e-06 1.03765e-05 
-0.0161861 0.269566 
-0.188898 0.290264 
-0.389269 0.0592652 
-0.149538 -0.00580476 
-0.00925958 -0.0075621 
-0.00570458 -0.00553051 
-0.004142 -0.00429996 
0.0697623 -0.00483682 
0.284301 -0.0206248 
0.182447 -0.0736062 
0.0849558 -0.15388 
0.0227272 -0.229319 
-0.00264865 -0.207074 
-0.006725 -0.0478344 
-0.0058461 0.00256231 
-0.00673239 0.145626 
-0.0168319 0.214837 
-0.0445157 0.152982 
-0.0884529 0.090251 
-0.139812 0.0413857 
-0.183818 0.0105208 
-0.174649 -0.00306 
-0.0443168 -0.00626566 
0.143749 -0.00759582 
0.180535 -0.014154 
0.138112 -0.0311275 
0.0918678 -0.0590323 
0.0523424 -0.0942799 
0.0226656 -0.131485 
0.00433146 -0.159758 
-0.00409248 -0.127868 
-0.00756281 0.089405 
-0.0124856 0.15804 
-0.0237416 0.128708 
-0.0428025 0.0923496 
-0.068181 0.0593593 
-0.0970665 0.0322597 
-0.125151 0.0125405 
-0.133922 0.000495959 
-0.00959237 -0.00589147 
0.131742 -0.0109364 
0.121556 -0.0191263 
0.0923992 -0.0327622 
0.0642299 -0.0516428 
0.0397497 -0.0742018 
0.0202092 -0.0980503 
0.00628195 -0.115383 
-0.00259092 -0.0718432 
-0.00878155 0.0829016 
-0.015722 0.113046 
-0.0260278 0.0920326 
-0.0404472 0.0677738 
-0.0582983 0.0456622 
-0.0781032 0.0269411 
-0.0958996 0.0122965 
-0.0879561 0.00176067 
0.0174187 -0.0057957 
0.0965452 -0.0126292 
0.0904864 -0.0210901 
0.0703381 -0.0324723 
0.0503913 -0.0468053 
0.0327241 -0.0632487 
0.0180355 -0.0795344 
0.00657033 -0.0846253 
-0.00212801 -0.0321907 
-0.00939653 0.065599 
-0.0170362 0.0856191 
-0.0264667 0.0718326 
-0.0382119 0.0541768 
-0.0519523 0.03766 
-0.0663481 0.0232957 
-0.0757856 0.0114291 
-0.0553966 0.00194196 
0.0245924 -0.00589747 
0.073943 -0.0133314 
0.0715381 -0.0216238 
0.0570596 -0.0315415 
0.0418495 -0.043164 
0.0280228 -0.0557577 
0.0161039 -0.0662569 
0.00615733 -0.0616389 
-0.00218212 -0.0116217 
-0.00971185 0.0530009 
-0.0174256 0.0679506 
-0.0261263 0.0587868 
-0.0361463 0.0453247 
-0.0471761 0.0322177 
-0.0574855 0.0204787 
-0.0600612 0.0103331 
-0.0341925 0.00163868 
0.0254824 -0.006087 
0.0591314 -0.0135644 
0.0587062 -0.0215084 
0.0479848 -0.0303666 
0.0358769 -0.0401148 
0.0245005 -0.0497926 
0.0143524 -0.0554815 
0.00545544 -0.0445833 
-0.0024576 -0.00108254 
-0.00987912 0.0440678 
-0.0173861 0.0557692 
-0.0254394 0.0495291 
-0.0341852 0.0389437 
-0.0431319 0.0281368 
-0.0500317 0.0181456 
-0.0474362 0.00918233 
-0.0206469 0.00113886 
0.0244361 -0.00630136 
0.0488477 -0.0135735 
0.0494163 -0.0210926 
0.0412641 -0.0290857 
0.0313408 -0.0373488 
0.0216668 -0.044582 
0.0127582 -0.046366 
0.00465762 -0.0321099 
-0.00281385 0.00443664 
-0.0099659 0.0375046 
-0.0171418 0.0469142 
-0.0245891 0.0425495 
-0.0322724 0.0340208 
-0.0394505 0.0248719 
-0.04347 0.0161384 
-0.0373367 0.00805855 
-0.0119322 0.000576416 
0.0228299 -0.0065107 
0.0413374 -0.0134689 
0.0423681 -0.0205299 
0.0360126 -0.0277489 
0.0276979 -0.0347198 
0.0192835 -0.0398335 
0.0113078 -0.0386093 
0.00385323 -0.0230325 
-0.00318605 0.00735679 
-0.010002 0.0324967 
-0.0167925 0.040203 
-0.0236527 0.0370614 
-0.030377 0.0300435 
-0.0359856 0.0221465 
-0.0376278 0.0143742 
-0.0293143 0.00699763 
-0.00623448 1.29854e-05 
0.0211321 -0.00670069 
0.0356214 -0.0132991 
0.0368283 -0.0198871 
0.0317532 -0.0263757 
0.0246604 -0.0321701 
0.0172227 -0.0354526 
0.00998907 -0.0320418 
0.00308239 -0.0164053 
-0.00354397 0.00886993 
-0.0099998 0.0285478 
-0.0163812 0.0349426 
-0.0226636 0.0326107 
-0.0284893 0.0267261 
-0.0326939 0.0198072 
-0.0324404 0.0128034 
-0.0229659 0.00601275 
-0.00244608 -0.000523273 
0.0195048 -0.00686371 
0.0311227 -0.0130846 
0.032351 -0.0191932 
0.0282045 -0.0249774 
0.0220624 -0.0296876 
0.0154089 -0.0314184 
0.00878982 -0.0265163 
0.00236202 -0.0115299 
-0.00387319 0.00958997 
-0.00996341 0.0253474 
-0.0159263 0.0307047 
-0.0216378 0.0289152 
