0.0005 0.005
0 0 
1.81423e-131 1.81423e-131 
3.8546e-38 3.8546e-38 
0.00401209 0.00401209 
0.356054 0.356054 
0.0324399 0.0324399 
-0.00517387 -0.00517387 
-0.00477662 -0.00477662 
-0.00453437 -0.00453437 
-0.00433901 -0.00433901 
-0.0041726 -0.0041726 
0.371 0.371 
0.223775 0.223775 
0.0960954 0.0960954 
0.00631866 0.00631866 
-0.00670046 -0.00670046 
-0.00624363 -0.00624363 
-0.00591996 -0.00591996 
-0.00289178 -0.00289178 
0.281752 0.281752 
0.195402 0.195402 
0.115937 0.115937 
0.0458223 0.0458223 
-0.000479441 -0.000479441 
-0.00728086 -0.00728086 
-0.00684957 -0.00684957 
0.0220495 0.0220495 
0.244185 0.244185 
0.183059 0.183059 
0.125364 0.125364 
0.0716984 0.0716984 
0.024961 0.024961 
-0.00358097 -0.00358097 
-0.00758608 -0.00758608 
0.00297891 0.00297891 
0.223504 0.223504 
0.176175 0.176175 
0.130882 0.130882 
0.0878257 0.0878257 
0.0478021 0.0478021 
0.0138135 0.0138135 
-0.00529672 -0.00529672 
-0.00705641 -0.00705641 
0.210419 0.210419 
0.171797 0.171797 
0.134515 0.134515 
0.0986562 0.0986562 
0.0645048 0.0645048 
0.0329701 0.0329701 
0.00704801 0.00704801 
-0.00632116 -0.00632116 
0.201397 0.201397 
0.168774 0.168774 
0.137095 0.137095 
0.106401 0.106401 
0.0768128 0.0768128 
0.0486707 0.0486707 
0.0229655 0.0229655 
0.00262428 0.00262428 
0.194123 0.194123 
0.16657 0.16657 
0.13903 0.13903 
0.112212 0.112212 
0.0861737 0.0861737 
0.0610652 0.0610652 
0.0372697 0.0372697 
0.0158429 0.0158429 
0.122019 0.122019 
0.1649 0.1649 
0.140541 0.140541 
0.116736 0.116736 
0.0935122 0.0935122 
0.0709445 0.0709445 
0.049204 0.049204 
0.0287135 0.0287135 
0.0149963 0.0149963 
0.163593 0.163593 
0.141759 0.141759 
0.12036 0.12036 
0.0994131 0.0994131 
0.0789583 0.0789583 
0.0590807 0.0590807 
0.0399722 0.0399722 
0.0222043 0.0222043 
0.16237 0.16237 
0.142762 0.142762 
0.123329 0.123329 
0.104258 0.104258 
0.0855725 0.0855725 
0.0673177 0.0673177 
0.0495904 0.0495904 
0.0326066 0.0326066 
0.149544 0.149544 
0.143603 0.143603 
0.125806 0.125806 
0.108306 0.108306 
0.091117 0.091117 
0.0742649 0.0742649 
0.0578025 0.0578025 
0.0418371 0.0418371 
0.0560736 0.0560736 
0.144315 0.144315 
0.127904 0.127904 
0.111738 0.111738 
0.0958284 0.0958284 
0.0801914 0.0801914 
0.0648575 0.0648575 
0.0498855 0.0498855 
0.0369962 0.0369962 
0.144785 0.144785 
0.129704 0.129704 
0.114684 0.114684 
0.0998794 0.0998794 
0.0853011 0.0853011 
0.0709674 0.0709674 
0.0569125 0.0569125 
0.0433053 0.0433053 
0.140819 0.140819 
0.131264 0.131264 
0.117239 0.117239 
0.103399 0.103399 
0.0897491 0.0897491 
0.076302 0.076302 
0.0630787 0.0630787 
0.0501263 0.0501263 
0.0944279 0.0944279 
0.132625 0.132625 
0.119478 0.119478 
0.106484 0.106484 
0.0936543 0.0936543 
0.080996 0.080996 
0.0685226 0.0685226 
0.0562585 0.0562585 
0.0517033 0.0517033 
0.133691 0.133691 
0.121454 0.121454 
0.109211 0.109211 
0.0971095 0.0971095 
0.0851557 0.0851557 
0.0733583 0.0733583 
0.0617324 0.0617324 
0.0510342 0.0510342 
0.132385 0.132385 
0.123212 0.123212 
0.111637 0.111637 
0.100188 0.100188 
0.0888662 0.0888662 
0.0776793 0.0776793 
0.0666369 0.0666369 
0.0558411 0.0558411 
0.111416 0.111416 
0.124776 0.124776 
0.113811 0.113811 
0.102947 0.102947 
0.0921956 0.0921956 
0.0815618 0.0815618 
0.071052 0.071052 
0.0606894 0.0606894 
0.0688126 0.0688126 
0.126058 0.126058 
0.115769 0.115769 
0.105434 0.105434 
0.0951992 0.0951992 
0.0850681 0.0850681 
0.0750451 0.0750451 
0.0651397 0.0651397 
0.0580894 0.0580894 
0.12585 0.12585 
0.11754 0.11754 
0.107687 0.107687 
0.0979222 0.0979222 
0.0882496 0.0882496 
0.0786724 0.0786724 
0.0691962 0.0691962 
0.0602401 0.0602401 
0.115872 0.115872 
0.11914 0.11914 
0.109738 0.109738 
0.100402 0.100402 
0.091149 0.091149 
0.081981 0.081981 
0.0729018 0.0729018 
0.0639882 0.0639882 
0.0848376 0.0848376 
0.120485 0.120485 
0.111612 0.111612 
0.10267 0.10267 
0.093802 0.093802 
0.0850107 0.0850107 
0.0762984 0.0762984 
0.0676834 0.0676834 
0.065924 0.065924 
0.120805 0.120805 
0.113329 0.113329 
0.104751 0.104751 
0.0962383 0.0962383 
0.0877947 0.0877947 
0.0794221 0.0794221 
0.0711267 0.0711267 
0.0642063 0.0642063 
0.115755 0.115755 
0.114896 0.114896 
0.106668 0.106668 
0.0984834 0.0984834 
0.0903615 0.0903615 
0.082304 0.082304 
0.0743137 0.0743137 
0.0666583 0.0666583 
0.0959709 0.0959709 
0.116237 0.116237 
0.108439 0.108439 
0.100559 0.100559 
0.0927354 0.0927354 
0.0849707 0.0849707 
0.0772664 0.0772664 
0.0696847 0.0696847 
0.0746514 0.0746514 
0.116832 0.116832 
0.110078 0.110078 
0.102483 0.102483 
0.0949372 0.0949372 
0.0874452 0.0874452 
0.0800081 0.0800081 
0.0726428 0.0726428 
0.0683919 0.0683919 
0.1142 0.1142 
0.111584 0.111584 
0.104271 0.104271 
0.0969848 0.0969848 
0.0897474 0.0897474 
0.0825603 0.0825603 
0.0754289 0.0754289 
0.0690819 0.0690819 
0.10211 0.10211 
0.112892 0.112892 
0.105938 0.105938 
0.0988939 0.0988939 
0.0918946 0.0918946 
0.0849416 0.0849416 
0.0780371 0.0780371 
0.0713681 0.0713681 
0.0831475 0.0831475 
0.113634 0.113634 
0.107491 0.107491 
0.100678 0.100678 
0.0939017 0.0939017 
0.0871684 0.0871684 
0.080479 0.080479 
0.073886 0.073886 
0.0731207 0.0731207 
0.112294 0.112294 
0.108928 0.108928 
