0.0005 0.005
2.94033e-266 2.94033e-266 
9.56624e-05 9.56624e-05 
0.0366807 0.0366807 
-0.00373453 -0.00373453 
0.06056 0.06056 
0.111899 0.111899 
-0.00519056 -0.00519056 
0.0928589 0.0928589 
0.140471 0.140471 
0.00105086 0.00105086 
0.0466625 0.0466625 
0.154932 0.154932 
0.0225819 0.0225819 
0.0121333 0.0121333 
0.163642 0.163642 
0.0468085 0.0468085 
0.000684395 0.000684395 
0.169441 0.169441 
0.0673308 0.0673308 
0.00466149 0.00466149 
0.17342 0.17342 
0.0837163 0.0837163 
0.0166705 0.0166705 
0.175382 0.175382 
0.0967764 0.0967764 
0.0310326 0.0310326 
0.171585 0.171585 
0.10732 0.10732 
0.0449624 0.0449624 
0.14892 0.14892 
0.115964 0.115964 
0.0575305 0.0575305 
0.0994432 0.0994432 
0.123134 0.123134 
0.0685865 0.0685865 
0.0589105 0.0589105 
0.129064 0.129064 
0.0782456 0.0782456 
0.0464283 0.0464283 
0.133636 0.133636 
0.08669 0.08669 
0.0483516 0.0483516 
0.13589 0.13589 
0.0940994 0.0940994 
0.0547676 0.0547676 
0.133155 0.133155 
0.100625 0.100625 
0.0621229 0.0621229 
0.121433 0.121433 
0.106376 0.106376 
0.0693165 0.0693165 
0.101017 0.101017 
0.111381 0.111381 
0.076032 0.076032 
0.0812111 0.0812111 
0.115523 0.115523 
0.0822038 0.0822038 
0.06999 0.06999 
0.118397 0.118397 
0.0878452 0.0878452 
0.066828 0.066828 
0.11914 0.11914 
0.0929874 0.0929874 
0.0682267 0.0682267 
0.116452 0.116452 
0.0976504 0.0976504 
0.0716683 0.0716683 
0.109386 0.109386 
0.101818 0.101818 
0.0758677 0.0758677 
0.0989598 0.0989598 
0.105405 0.105405 
0.0802376 0.0802376 
0.0884818 0.0884818 
0.108213 0.108213 
0.0845189 0.0845189 
0.081037 0.081037 
0.109881 0.109881 
0.0885951 0.0885951 
0.0774384 0.0774384 
0.109895 0.109895 
0.0924051 0.0924051 
