0.001 0.005
1.94506e-195 1.94506e-195 
2.45066e-20 2.45066e-20 
1.64727e-07 1.64727e-07 
0.00592607 0.00592607 
0.417229 0.417229 
0.360724 0.360724 
0.139544 0.139544 
0.0270018 0.0270018 
-0.00223834 -0.00223834 
-0.00487557 -0.00487557 
-0.0043734 -0.0043734 
-0.00349403 -0.00349403 
0.0140308 0.0140308 
0.193753 0.193753 
0.302245 0.302245 
0.220351 0.220351 
0.131105 0.131105 
0.0630343 0.0630343 
0.020959 0.020959 
0.00170156 0.00170156 
-0.00366351 -0.00366351 
0.00289361 0.00289361 
0.0683346 0.0683346 
0.211473 0.211473 
0.230561 0.230561 
0.180116 0.180116 
0.124072 0.124072 
0.0757829 0.0757829 
0.0389693 0.0389693 
0.0149597 0.0149597 
0.00444564 0.00444564 
0.0188793 0.0188793 
0.0976125 0.0976125 
0.189226 0.189226 
0.194412 0.194412 
0.159682 0.159682 
0.119131 0.119131 
0.0817847 0.0817847 
0.0505658 0.0505658 
0.0274421 0.0274421 
0.0169091 0.0169091 
0.0358441 0.0358441 
0.105814 0.105814 
0.168709 0.168709 
0.172078 0.172078 
0.146798 0.146798 
0.115418 0.115418 
0.0851139 0.0851139 
0.0585189 0.0585189 
0.0380281 0.0380281 
0.0297635 0.0297635 
0.0496571 0.0496571 
0.106375 0.106375 
0.152665 0.152665 
0.156514 0.156514 
0.137635 0.137635 
0.11246 0.11246 
0.0871797 0.0871797 
0.0644139 0.0644139 
0.04694 0.04694 
0.0412461 0.0412461 
0.0600289 0.0600289 
0.104817 0.104817 
0.14035 0.14035 
0.144856 0.144856 
