0.001 0.005
3.56389e-186 3.56389e-186 
0.000148653 0.000148653 
0.0379595 0.0379595 
-0.00360343 -0.00360343 
0.0568334 0.0568334 
0.112293 0.112293 
-0.00494888 -0.00494888 
0.0821258 0.0821258 
0.140311 0.140311 
0.00164159 0.00164159 
0.0417068 0.0417068 
0.154467 0.154467 
0.0230364 0.0230364 
0.0114893 0.0114893 
0.162977 0.162977 
0.046864 0.046864 
0.00121925 0.00121925 
0.168607 0.168607 
0.0670546 0.0670546 
0.00521396 0.00521396 
0.172334 0.172334 
0.0832014 0.0832014 
0.0169136 0.0169136 
0.173582 0.173582 
0.096089 0.096089 
0.0309414 0.0309414 
0.167598 0.167598 
0.106503 0.106503 
0.0445997 0.0445997 
0.141333 0.141333 
0.115041 0.115041 
0.056962 0.056962 
0.092984 0.092984 
0.122107 0.122107 
0.0678629 0.0678629 
0.0569517 0.0569517 
0.12788 0.12788 
0.0774028 0.0774028 
0.0460935 0.0460935 
0.132117 0.132117 
0.0857531 0.0857531 
0.0480633 0.0480633 
0.133623 0.133623 
0.0930842 0.0930842 
0.0542511 0.0542511 
0.129599 0.129599 
0.0995378 0.0995378 
0.0614046 0.0614046 
0.116774 0.116774 
0.105204 0.105204 
0.0684512 0.0684512 
0.0969325 0.0969325 
0.110083 0.110083 
0.0750601 0.0750601 
0.0789274 0.0789274 
0.114 0.114 
0.0811506 0.0811506 
0.0689582 0.0689582 
0.116478 0.116478 
0.0867242 0.0867242 
0.0661875 0.0661875 
0.116618 0.116618 
0.0918011 0.0918011 
0.0675661 0.0675661 
0.113266 0.113266 
0.0963876 0.0963876 
0.0708774 0.0708774 
0.105898 0.105898 
0.100448 0.100448 
0.0749442 0.0749442 
0.0959003 0.0959003 
0.103871 0.103871 
0.0792034 0.0792034 
0.0863326 0.0863326 
0.106429 0.106429 
0.0833933 0.0833933 
0.0796856 0.0796856 
0.107753 0.107753 
