0.0005 0.01
0 0 
3.28577e-18 3.28577e-18 
-0.0022075 -0.0022075 
-0.00250735 -0.00250735 
-0.00219235 -0.00219235 
0.0776047 0.0776047 
-0.00357387 -0.00357387 
0.0113184 0.0113184 
0.117814 0.117814 
-0.00418818 -0.00418818 
-0.00238816 -0.00238816 
0.136965 0.136965 
-0.00221544 -0.00221544 
-0.00406658 -0.00406658 
0.148061 0.148061 
0.0193958 0.0193958 
-0.00439403 -0.00439403 
0.155288 0.155288 
0.0444195 0.0444195 
-0.00469891 -0.00469891 
0.160366 0.160366 
0.0642432 0.0642432 
-0.00327863 -0.00327863 
0.164128 0.164128 
0.0795712 0.0795712 
0.0076026 0.0076026 
0.167027 0.167027 
0.0916402 0.0916402 
0.023338 0.023338 
0.169329 0.169329 
0.101353 0.101353 
0.0381816 0.0381816 
0.171191 0.171191 
0.109326 0.109326 
0.05105 0.05105 
0.0286286 0.0286286 
0.115985 0.115985 
0.0620641 0.0620641 
0.0134768 0.0134768 
0.121627 0.121627 
0.071524 0.071524 
0.0248642 0.0248642 
0.126467 0.126467 
0.0797094 0.0797094 
0.0354644 0.0354644 
0.130664 0.130664 
0.0868498 0.0868498 
0.045008 0.045008 
0.134337 0.134337 
0.0931273 0.0931273 
0.0535376 0.0535376 
0.137538 0.137538 
0.0986863 0.0986863 
0.0611651 0.0611651 
0.0896974 0.0896974 
0.103642 0.103642 
0.0680081 0.0680081 
0.0343231 0.0343231 
0.108085 0.108085 
0.0741726 0.0741726 
0.0415153 0.0415153 
0.112092 0.112092 
0.0797499 0.0797499 
0.0484611 0.0484611 
0.115722 0.115722 
0.0848173 0.0848173 
0.0548206 0.0548206 
0.119026 0.119026 
0.08944 0.08944 
0.0606512 0.0606512 
0.121927 0.121927 
0.0936729 0.0936729 
0.0660097 0.0660097 
0.10211 0.10211 
0.0975627 0.0975627 
0.0709474 0.0709474 
0.0473227 0.0473227 
0.101149 0.101149 
0.0755098 0.0755098 
0.0505552 0.0505552 
0.104465 0.104465 
0.0797365 0.0797365 
0.0555841 0.0555841 
0.107541 0.107541 
0.0836625 0.0836625 
0.0603017 0.0603017 
0.1104 0.1104 
0.087318 0.087318 
0.0647051 0.0647051 
0.11286 0.11286 
0.0907296 0.0907296 
0.0688221 0.0688221 
0.10274 0.10274 
0.0939207 0.0939207 
0.0726787 0.0726787 
0.0578121 0.0578121 
0.0969118 0.0969118 
0.076298 0.076298 
0.05629 0.05629 
0.0997208 0.0997208 
0.0797006 0.0797006 
0.060051 0.060051 
0.102364 0.102364 
0.0829052 0.0829052 
0.0637807 0.0637807 
0.104849 0.104849 
0.0859281 0.0859281 
0.0673107 0.0673107 
0.106922 0.106922 
0.0887843 0.0887843 
0.0706498 0.0706498 
0.10104 0.10104 
0.091487 0.091487 
0.0738123 0.0738123 
0.0668713 0.0668713 
0.0940481 0.0940481 
0.0768114 0.0768114 
0.0605181 0.0605181 
0.0964784 0.0964784 
0.0796594 0.0796594 
0.0631318 0.0631318 
0.0987872 0.0987872 
0.0823671 0.0823671 
0.0661823 0.0661823 
0.10097 0.10097 
0.0849445 0.0849445 
0.0691233 0.0691233 
0.102734 0.102734 
0.0874007 0.0874007 
0.0719305 0.0719305 
0.099036 0.099036 
0.089744 0.089744 
0.0746104 0.0746104 
0.0740962 0.0740962 
0.0919818 0.0919818 
0.0771711 0.0771711 
0.0640924 0.0640924 
0.0941212 0.0941212 
0.0796203 0.0796203 
0.0654399 0.0654399 
0.0961671 0.0961671 
0.081965 0.081965 
0.0679464 0.0679464 
0.0981041 0.0981041 
0.0842117 0.0842117 
0.0704579 0.0704579 
0.0996241 0.0996241 
0.0863663 0.0863663 
0.072878 0.072878 
0.0971862 0.0971862 
0.0884343 0.0884343 
0.075203 0.075203 
0.0792907 0.0792907 
0.0904209 0.0904209 
0.0774373 0.0774373 
0.0673852 0.0673852 
0.0923304 0.0923304 
0.079586 0.079586 
0.0673184 0.0673184 
0.0941649 0.0941649 
0.0816538 0.0816538 
0.0693136 0.0693136 
0.0958988 0.0958988 
0.0836453 0.0836453 
0.0714848 0.0714848 
0.0972278 0.0972278 
0.0855644 0.0855644 
0.0736085 0.0736085 
0.0955756 0.0955756 
0.0874151 0.0874151 
0.0756612 0.0756612 
0.0827344 0.0827344 
0.0892008 0.0892008 
0.077643 0.077643 
0.0704875 0.0704875 
0.0909245 0.0909245 
0.0795571 0.0795571 
0.068972 0.068972 
0.0925852 0.0925852 
0.0814068 0.0814068 
0.0704308 0.0704308 
0.0941494 0.0941494 
0.0831952 0.0831952 
0.072306 0.072306 
0.0953274 0.0953274 
0.0849254 0.0849254 
0.074191 0.074191 
0.0941938 0.0941938 
0.0866 0.0866 
0.0760272 0.0760272 
0.0848888 0.0848888 
0.0882217 0.0882217 
0.0778076 0.0778076 
0.0733485 0.0733485 
0.089792 0.089792 
0.0795334 0.0795334 
0.0705185 0.0705185 
0.0913073 0.0913073 
0.0812067 0.0812067 
0.0713946 0.0713946 
0.092728 0.092728 
0.0828298 0.0828298 
0.0729878 0.0729878 
0.0937853 0.0937853 
0.0844049 0.0844049 
0.0746694 0.0746694 
0.0930091 0.0930091 
0.0859341 0.0859341 
0.0763275 0.0763275 
0.0861712 0.0861712 
0.0874191 0.0874191 
0.0779432 0.0779432 
0.0758827 0.0758827 
0.0888606 0.0888606 
0.0795143 0.0795143 
0.0720147 0.0720147 
0.0902525 0.0902525 
0.0810419 0.0810419 
0.0722707 0.0722707 
0.0915508 0.0915508 
0.0825278 0.0825278 
0.0735763 0.0735763 
0.0925104 0.0925104 
0.0839734 0.0839734 
0.0750739 0.0750739 
0.0919886 0.0919886 
0.0853803 0.0853803 
0.0765802 0.0765802 
0.0868884 0.0868884 
0.0867498 0.0867498 
0.0780576 0.0780576 
0.0780326 0.0780326 
0.0880814 0.0880814 
0.0794991 0.0794991 
0.0734738 0.0734738 
0.0893671 0.0893671 
0.0809044 0.0809044 
0.0731025 0.0731025 
0.0905604 0.0905604 
0.0822744 0.0822744 
0.0741053 0.0741053 
0.0914398 0.0914398 
0.0836102 0.0836102 
0.0754265 0.0754265 
0.0911037 0.0911037 
0.084913 0.084913 
0.0767979 0.0767979 
0.0872463 0.0872463 
