0.001 0.01
0 0 
4.96539e-15 4.96539e-15 
-0.000479421 -0.000479421 
-0.00208207 -0.00208207 
-0.00178528 -0.00178528 
0.0785171 0.0785171 
-0.00294528 -0.00294528 
0.00107332 0.00107332 
0.116923 0.116923 
-0.00347782 -0.00347782 
-0.00249515 -0.00249515 
0.135356 0.135356 
-0.000636798 -0.000636798 
-0.0032931 -0.0032931 
0.146049 0.146049 
0.0198014 0.0198014 
-0.00357271 -0.00357271 
0.153008 0.153008 
0.043403 0.043403 
-0.00382864 -0.00382864 
0.15789 0.15789 
0.0625 0.0625 
-0.00208958 -0.00208958 
0.161501 0.161501 
0.0774161 0.0774161 
0.00782213 0.00782213 
0.164278 0.164278 
0.0892192 0.0892192 
0.022301 0.022301 
0.166479 0.166479 
0.0987435 0.0987435 
0.0363985 0.0363985 
0.166398 0.166398 
0.106574 0.106574 
0.0488306 0.0488306 
0.0151756 0.0151756 
0.113118 0.113118 
0.0595656 0.0595656 
0.0125245 0.0125245 
0.118666 0.118666 
0.0688311 0.0688311 
0.0231069 0.0231069 
0.123426 0.123426 
0.0768723 0.0768723 
0.0332335 0.0332335 
0.127555 0.127555 
0.0839004 0.0839004 
0.0424755 0.0424755 
0.131166 0.131166 
0.0900873 0.0900873 
0.050799 0.050799 
0.133079 0.133079 
0.0955712 0.0955712 
0.0582768 0.0582768 
0.0624077 0.0624077 
0.100463 0.100463 
0.0650057 0.0650057 
0.0321211 0.0321211 
0.104851 0.104851 
0.0710798 0.0710798 
0.0387732 0.0387732 
0.10881 0.10881 
0.0765833 0.0765833 
0.0455481 0.0455481 
0.112398 0.112398 
0.081589 0.081589 
0.0517879 0.0517879 
0.115641 0.115641 
0.0861591 0.0861591 
0.0575255 0.0575255 
0.117011 0.117011 
0.0903466 0.0903466 
0.0628092 0.0628092 
0.0812261 0.0812261 
0.0941965 0.0941965 
0.0676852 0.0676852 
0.045038 0.045038 
0.0977473 0.0977473 
0.0721954 0.0721954 
0.0475126 0.0475126 
0.101032 0.101032 
0.0763776 0.0763776 
0.0523698 0.0523698 
0.104078 0.104078 
0.0802647 0.0802647 
0.0570177 0.0570177 
0.106843 0.106843 
0.0838861 0.0838861 
0.0613677 0.0613677 
0.107707 0.107707 
0.0872673 0.0872673 
0.0654399 0.0654399 
0.0872429 0.0872429 
0.0904312 0.0904312 
0.0692578 0.0692578 
0.0550997 0.0550997 
0.0933976 0.0933976 
0.0728433 0.0728433 
0.0532727 0.0532727 
0.096184 0.096184 
0.0762161 0.0762161 
0.0566933 0.0566933 
0.098799 0.098799 
0.079394 0.079394 
0.0603479 0.0603479 
0.101142 0.101142 
0.082393 0.082393 
0.0638398 0.0638398 
0.101682 0.101682 
0.0852275 0.0852275 
0.0671485 0.0671485 
0.0888455 0.0888455 
0.0879104 0.0879104 
0.0702845 0.0702845 
0.0631126 0.0631126 
0.0904534 0.0904534 
0.0732599 0.0732599 
0.057705 0.057705 
0.0928655 0.0928655 
0.0760865 0.0760865 
0.0597475 0.0597475 
0.0951413 0.0951413 
0.0787748 0.0787748 
0.0626628 0.0626628 
0.0971323 0.0971323 
0.0813345 0.0813345 
0.0655626 0.0655626 
0.0974859 0.0974859 
0.0837745 0.0837745 
0.0683456 0.0683456 
0.0888841 0.0888841 
0.0861027 0.0861027 
0.0710057 0.0710057 
0.0691501 0.0691501 
0.0883263 0.0883263 
0.0735488 0.0735488 
0.0614855 0.0614855 
0.0904489 0.0904489 
0.0759819 0.0759819 
0.0621298 0.0621298 
0.0924515 0.0924515 
0.0783118 0.0783118 
0.0643931 0.0643931 
0.0941557 0.0941557 
0.0805449 0.0805449 
0.0668384 0.0668384 
0.0944072 0.0944072 
0.0826869 0.0826869 
0.0692325 0.0692325 
0.0883626 0.0883626 
0.084743 0.084743 
0.0715407 0.0715407 
0.073442 0.073442 
0.0867175 0.0867175 
0.073761 0.073761 
0.064837 0.064837 
0.0886092 0.0886092 
0.0758971 0.0758971 
0.0641526 0.0641526 
0.0903874 0.0903874 
0.0779534 0.0779534 
0.0657779 0.0657779 
0.0918593 0.0918593 
0.079934 0.079934 
0.0678346 0.0678346 
0.0920588 0.0920588 
0.0818429 0.0818429 
0.0699204 0.0699204 
0.0876602 0.0876602 
0.0836837 0.0836837 
0.0719551 0.0719551 
0.0763699 0.0763699 
0.0854582 0.0854582 
0.0739246 0.0739246 
0.0677914 0.0677914 
0.0871609 0.0871609 
0.0758283 0.0758283 
0.0659737 0.0659737 
0.0887519 0.0887519 
0.0776685 0.0776685 
0.0669592 0.0669592 
0.0900361 0.0900361 
0.0794481 0.0794481 
0.0686534 0.0686534 
0.0902125 0.0902125 
0.0811698 0.0811698 
0.0704768 0.0704768 
0.0869271 0.0869271 
0.0828357 0.0828357 
0.0722887 0.0722887 
0.0783139 0.0783139 
0.0844459 0.0844459 
0.074056 0.074056 
0.0703316 0.0703316 
0.0859908 0.0859908 
0.0757723 0.0757723 
0.0676609 0.0676609 
0.0874237 0.0874237 
0.0774375 0.0774375 
0.0680223 0.0680223 
0.0885559 0.0885559 
0.0790531 0.0790531 
0.0693609 0.0693609 
0.0887253 0.0887253 
0.0806209 0.0806209 
0.0709461 0.0709461 
0.0862227 0.0862227 
0.082142 0.082142 
0.0725672 0.0725672 
0.0795779 0.0795779 
0.0836143 0.0836143 
0.074166 0.074166 
0.0724538 0.0724538 
0.0850252 0.0850252 
0.0757271 0.0757271 
0.069232 0.069232 
0.0863238 0.0863238 
