0.001 0.005
0 0 
2.82373e-131 2.82373e-131 
1.48269e-47 1.48269e-47 
1.88668e-14 1.88668e-14 
0.68476 0.68476 
0.350572 0.350572 
0.0474324 0.0474324 
-0.00388586 -0.00388586 
-0.00349764 -0.00349764 
-0.00330039 -0.00330039 
-0.00316148 -0.00316148 
-0.00304781 -0.00304781 
-0.00294862 -0.00294862 
0.473412 0.473412 
0.322015 0.322015 
0.185791 0.185791 
0.0710491 0.0710491 
0.0030284 0.0030284 
-0.00501293 -0.00501293 
-0.00468738 -0.00468738 
-0.00445692 -0.00445692 
-0.00427263 -0.00427263 
0.0115999 0.0115999 
0.315595 0.315595 
0.229224 0.229224 
0.149366 0.149366 
0.0776784 0.0776784 
0.0212011 0.0212011 
-0.00365734 -0.00365734 
-0.00543017 -0.00543017 
-0.00514161 -0.00514161 
-0.00491778 -0.00491778 
0.309686 0.309686 
0.249692 0.249692 
0.189739 0.189739 
0.133193 0.133193 
0.0808435 0.0808435 
0.0353496 0.0353496 
0.00425756 0.00425756 
-0.00535357 -0.00535357 
-0.00562731 -0.00562731 
-0.00489736 -0.00489736 
0.261539 0.261539 
0.213746 0.213746 
0.167842 0.167842 
0.124024 0.124024 
0.0827206 0.0827206 
0.0451586 0.0451586 
0.0147054 0.0147054 
-0.00229313 -0.00229313 
-0.00584736 -0.00584736 
0.00874701 0.00874701 
0.229602 0.229602 
0.191107 0.191107 
0.153909 0.153909 
0.118113 0.118113 
0.0839745 0.0839745 
0.0521395 0.0521395 
0.0242473 0.0242473 
0.00396644 0.00396644 
-0.00483549 -0.00483549 
0.0711647 0.0711647 
0.207742 0.207742 
0.175534 0.175534 
0.144257 0.144257 
0.113984 0.113984 
0.0848776 0.0848776 
0.0573098 0.0573098 
0.0321556 0.0321556 
0.0114079 0.0114079 
-0.00156983 -0.00156983 
0.131594 0.131594 
0.19185 0.19185 
0.164163 0.164163 
0.137176 0.137176 
0.11094 0.11094 
0.0855641 0.0855641 
0.0612789 0.0612789 
0.0385885 0.0385885 
0.0186053 0.0186053 
0.00352833 0.00352833 
0.152972 0.152972 
0.179778 0.179778 
0.155498 0.155498 
0.13176 0.13176 
0.108606 0.108606 
0.0861082 0.0861082 
0.0644189 0.0644189 
0.0438471 0.0438471 
0.0250443 0.0250443 
0.00938702 0.00938702 
0.155641 0.155641 
0.170298 0.170298 
0.148676 0.148676 
0.127487 0.127487 
0.106762 0.106762 
0.0865537 0.0865537 
0.0669655 0.0669655 
0.0481966 0.0481966 
0.0306481 0.0306481 
0.0152446 0.0152446 
0.15231 0.15231 
0.162656 0.162656 
0.143168 0.143168 
0.124031 0.124031 
0.105271 0.105271 
0.0869274 0.0869274 
0.0690727 0.0690727 
0.051841 0.051841 
0.0354901 0.0354901 
0.0207479 0.0207479 
0.147349 0.147349 
0.156364 0.156364 
0.138628 0.138628 
0.121178 0.121178 
0.104041 0.104041 
0.0872463 0.0872463 
0.0708454 0.0708454 
0.0549322 0.0549322 
0.0396791 0.0396791 
0.0257832 0.0257832 
0.142204 0.142204 
0.151092 0.151092 
0.13482 0.13482 
0.118784 0.118784 
0.10301 0.10301 
0.0875219 0.0875219 
0.0723574 0.0723574 
0.0575838 0.0575838 
0.0433206 0.0433206 
0.0303459 0.0303459 
0.137361 0.137361 
0.146608 0.146608 
0.131582 0.131582 
0.116746 0.116746 
0.102134 0.102134 
0.0877627 0.0877627 
0.0736621 0.0736621 
0.0598812 0.0598812 
0.0465056 0.0465056 
0.0344725 0.0344725 
0.132965 0.132965 
0.142746 0.142746 
0.128794 0.128794 
0.114991 0.114991 
0.10138 0.10138 
0.087975 0.087975 
0.0747993 0.0747993 
0.0618897 0.0618897 
0.0493096 0.0493096 
0.0382113 0.0382113 
0.129037 0.129037 
0.139382 0.139382 
0.126368 0.126368 
0.113462 0.113462 
0.100724 0.100724 
0.0881634 0.0881634 
0.0757994 0.0757994 
0.0636597 0.0636597 
0.0517939 0.0517939 
0.0416094 0.0416094 
0.125549 0.125549 
0.136422 0.136422 
0.124238 0.124238 
0.11212 0.11212 
0.100148 0.100148 
0.0883319 0.0883319 
0.0766855 0.0766855 
0.0652309 0.0652309 
0.0540089 0.0540089 
0.044709 0.044709 
0.122459 0.122459 
0.133795 0.133795 
0.122352 0.122352 
0.110931 0.110931 
0.0996388 0.0996388 
0.0884834 0.0884834 
0.0774762 0.0774762 
0.0666346 0.0666346 
0.0559953 0.0559953 
0.0475464 0.0475464 
0.119721 0.119721 
0.131444 0.131444 
0.120671 0.120671 
0.109871 0.109871 
0.0991851 0.0991851 
0.0886203 0.0886203 
0.078186 0.078186 
0.067896 0.067896 
0.0577865 0.0577865 
0.0501524 0.0501524 
0.117292 0.117292 
0.129325 0.129325 
0.119164 0.119164 
0.10892 0.10892 
0.0987783 0.0987783 
0.0887446 0.0887446 
0.0788266 0.0788266 
0.0690356 0.0690356 
0.0594103 0.0594103 
0.0525527 0.0525527 
0.115132 0.115132 
0.127403 0.127403 
0.117803 0.117803 
0.108062 0.108062 
0.0984116 0.0984116 
0.0888581 0.0888581 
0.0794077 0.0794077 
0.07007 0.07007 
0.0608893 0.0608893 
0.0547694 0.0547694 
0.113207 0.113207 
0.125649 0.125649 
0.116569 0.116569 
0.107284 0.107284 
0.0980792 0.0980792 
0.0889619 0.0889619 
0.0799373 0.0799373 
0.0710132 0.0710132 
0.0622427 0.0622427 
0.0568211 0.0568211 
0.111487 0.111487 
0.12404 0.12404 
0.115445 0.115445 
0.106575 0.106575 
0.0977766 0.0977766 
0.0890574 0.0890574 
0.0804218 0.0804218 
0.0718768 0.0718768 
0.0634866 0.0634866 
0.0587239 0.0587239 
0.109946 0.109946 
0.122555 0.122555 
0.114415 0.114415 
0.105926 0.105926 
0.0974999 0.0974999 
0.0891455 0.0891455 
0.0808668 0.0808668 
0.0726703 0.0726703 
0.0646344 0.0646344 
0.0604916 0.0604916 
0.108561 0.108561 
0.121181 0.121181 
0.113469 0.113469 
0.10533 0.10533 
0.0972459 0.0972459 
0.0892269 0.0892269 
0.0812769 0.0812769 
0.073402 0.073402 
0.0656976 0.0656976 
0.0621364 0.0621364 
0.107314 0.107314 
0.119902 0.119902 
0.112597 0.112597 
0.104781 0.104781 
0.0970119 0.0970119 
0.0893025 0.0893025 
0.081656 0.081656 
0.074079 0.074079 
0.0666859 0.0666859 
0.0636689 0.0636689 
0.106187 0.106187 
0.118709 0.118709 
0.11179 0.11179 
0.104274 0.104274 
0.0967957 0.0967957 
0.0893727 0.0893727 
0.0820076 0.0820076 
0.0747072 0.0747072 
0.0676078 0.0676078 
0.0650987 0.0650987 
0.105167 0.105167 
0.117592 0.117592 
0.11104 0.11104 
0.103803 0.103803 
0.0965953 0.0965953 
0.0894383 0.0894383 
0.0823345 0.0823345 
0.0752918 0.0752918 
