0.001 0.005
0 0 
1.00045e-117 1.00045e-117 
2.4976e-35 2.4976e-35 
0.00391446 0.00391446 
0.355653 0.355653 
0.0338244 0.0338244 
-0.00461057 -0.00461057 
-0.00422839 -0.00422839 
-0.00400587 -0.00400587 
-0.00383151 -0.00383151 
-0.00368428 -0.00368428 
0.37044 0.37044 
0.223479 0.223479 
0.0962213 0.0962213 
0.00732413 0.00732413 
-0.00591621 -0.00591621 
-0.00549446 -0.00549446 
-0.00520311 -0.00520311 
-0.00390046 -0.00390046 
0.281156 0.281156 
0.194909 0.194909 
0.115623 0.115623 
0.0459469 0.0459469 
0.000427551 0.000427551 
-0.00640219 -0.00640219 
-0.00601433 -0.00601433 
0.00395584 0.00395584 
0.24349 0.24349 
0.182423 0.182423 
0.124826 0.124826 
0.0713651 0.0713651 
0.0251131 0.0251131 
-0.00269445 -0.00269445 
-0.00665568 -0.00665568 
-0.00258166 -0.00258166 
0.222723 0.222723 
0.175433 0.175433 
0.130202 0.130202 
0.087259 0.087259 
0.0474744 0.0474744 
0.0140178 0.0140178 
-0.00440141 -0.00440141 
-0.00647908 -0.00647908 
0.209569 0.209569 
0.170974 0.170974 
0.133734 0.133734 
0.0979462 0.0979462 
0.0639273 0.0639273 
0.0326689 0.0326689 
0.00731998 0.00731998 
-0.00541287 -0.00541287 
0.200463 0.200463 
0.167887 0.167887 
0.136238 0.136238 
0.105591 0.105591 
0.076085 0.076085 
0.0480968 0.0480968 
0.0227068 0.0227068 
0.00297204 0.00297204 
0.190464 0.190464 
0.165629 0.165629 
0.138111 0.138111 
0.111326 0.111326 
0.0853431 0.0853431 
0.0603288 0.0603288 
0.0367104 0.0367104 
0.0156384 0.0156384 
0.0731486 0.0731486 
0.163911 0.163911 
0.13957 0.13957 
0.11579 0.11579 
0.0926047 0.0926047 
0.0700993 0.0700993 
0.0484668 0.0484668 
0.0281785 0.0281785 
0.0127447 0.0127447 
0.162556 0.162556 
0.140743 0.140743 
0.119363 0.119363 
0.098445 0.098445 
0.0780339 0.0780339 
0.0582272 0.0582272 
0.0392418 0.0392418 
0.0216684 0.0216684 
0.160707 0.160707 
0.141708 0.141708 
0.12229 0.12229 
0.103241 0.103241 
0.0845872 0.0845872 
0.0663817 0.0663817 
0.0487346 0.0487346 
0.0318898 0.0318898 
0.130001 0.130001 
0.142515 0.142515 
0.124731 0.124731 
0.107248 0.107248 
0.0900829 0.0900829 
0.0732667 0.0732667 
0.0568597 0.0568597 
0.0409849 0.0409849 
0.0417242 0.0417242 
0.143186 0.143186 
0.126797 0.126797 
0.110645 0.110645 
0.0947542 0.0947542 
0.0791443 0.0791443 
0.0638505 0.0638505 
0.0489406 0.0489406 
0.0355261 0.0355261 
0.143212 0.143212 
0.12857 0.12857 
0.113561 0.113561 
0.0987716 0.0987716 
0.0842143 0.0842143 
0.0699106 0.0699106 
0.0559003 0.0559003 
0.0423359 0.0423359 
0.131831 0.131831 
0.130106 0.130106 
0.116091 0.116091 
0.102262 0.102262 
0.0886292 0.0886292 
0.0752053 0.0752053 
0.0620152 0.0620152 
0.0491113 0.0491113 
0.0726277 0.0726277 
0.131425 0.131425 
0.118306 0.118306 
0.105323 0.105323 
0.0925064 0.0925064 
0.0798663 0.0798663 
0.0674184 0.0674184 
0.0551911 0.0551911 
0.0475368 0.0475368 
0.132117 0.132117 
0.120263 0.120263 
0.108028 0.108028 
0.0959374 0.0959374 
0.0839984 0.0839984 
0.072221 0.072221 
0.0606231 0.0606231 
0.0497232 0.0497232 
0.126867 0.126867 
0.122 0.122 
0.110435 0.110435 
0.0989944 0.0989944 
0.0876851 0.0876851 
0.0765143 0.0765143 
0.0654938 0.0654938 
0.05471 0.05471 
0.0932208 0.0932208 
0.123519 0.123519 
0.112591 0.112591 
0.101735 0.101735 
0.0909939 0.0909939 
0.0803732 0.0803732 
0.069881 0.069881 
0.0595412 0.0595412 
0.06012 0.06012 
0.124474 0.124474 
0.114534 0.114534 
0.104206 0.104206 
0.0939794 0.0939794 
0.0838591 0.0838591 
0.0738504 0.0738504 
0.0639642 0.0639642 
0.0559188 0.0559188 
0.121826 0.121826 
0.116288 0.116288 
0.106444 0.106444 
0.0966864 0.0966864 
0.0870228 0.0870228 
0.0774574 0.0774574 
0.0679967 0.0679967 
0.0589429 0.0589429 
0.102983 0.102983 
0.117838 0.117838 
0.108481 0.108481 
0.0991518 0.0991518 
0.0899065 0.0899065 
0.0807484 0.0807484 
0.071682 0.071682 
0.0627715 0.0627715 
0.0726525 0.0726525 
0.118893 0.118893 
0.110342 0.110342 
0.101406 0.101406 
0.0925454 0.0925454 
0.0837624 0.0837624 
0.0750609 0.0750609 
0.0664583 0.0664583 
0.0620568 0.0620568 
0.117553 0.117553 
0.112043 0.112043 
0.103476 0.103476 
0.0949691 0.0949691 
0.0865326 0.0865326 
0.078169 0.078169 
0.0698851 0.0698851 
0.0625461 0.0625461 
0.106619 0.106619 
0.113557 0.113557 
0.105382 0.105382 
0.0972028 0.0972028 
0.0890871 0.0890871 
0.0810372 0.0810372 
0.0730567 0.0730567 
0.0653456 0.0653456 
0.0831619 0.0831619 
0.11464 0.11464 
0.107142 0.107142 
0.0992678 0.0992678 
0.0914498 0.0914498 
0.0836916 0.0836916 
0.0759956 0.0759956 
0.0684139 0.0684139 
0.0685249 0.0685249 
0.114031 0.114031 
0.108764 0.108764 
0.101182 0.101182 
0.0936415 0.0936415 
0.0861551 0.0861551 
0.0787251 0.0787251 
0.0713672 0.0713672 
0.0660171 0.0660171 
0.107417 0.107417 
0.110215 0.110215 
0.102962 0.102962 
0.0956798 0.0956798 
0.0884473 0.0884473 
0.0812663 0.0812663 
0.0741425 0.0741425 
0.0675836 0.0675836 
0.0906261 0.0906261 
0.111292 0.111292 
0.104618 0.104618 
0.0975803 0.0975803 
0.0905854 0.0905854 
0.0836377 0.0836377 
0.0767398 0.0767398 
0.0700354 0.0700354 
0.075041 0.075041 
0.11112 0.11112 
0.106153 0.106153 
0.0993563 0.0993563 
0.0925842 0.0925842 
0.0858555 0.0858555 
0.0791718 0.0791718 
