0.001 0.005
0 0 
-2.35865e-108 4.25367e-108 
-1.7651e-34 8.21313e-34 
-1.56988e-07 0.221377 
-0.115574 0.25296 
-0.435361 -0.00435869 
-0.0197889 -0.00696754 
-0.00489423 -0.00644362 
-0.00468485 -0.00602368 
-0.00444923 -0.00535045 
-0.00323702 -0.00456995 
0.293895 -0.00387593 
0.147817 -0.0189582 
0.0311208 -0.114393 
-0.00834465 -0.226525 
-0.00772608 -0.332499 
-0.00723001 -0.00580214 
-0.00661877 -0.00549409 
-0.00580314 0.303655 
-0.00500467 0.210422 
-0.00742963 0.124913 
-0.0467866 0.0495805 
-0.112762 -0.000850098 
-0.181257 -0.00852994 
-0.247594 -0.00790714 
-0.163249 -0.00736265 
0.239842 -0.00660609 
0.175307 -0.00576525 
0.114683 -0.00564037 
0.0589613 -0.021346 
0.0130485 -0.0627932 
-0.00819284 -0.111774 
-0.00908796 -0.161215 
-0.00854206 -0.209535 
-0.00786616 0.204985 
-0.00700653 0.155651 
-0.00628691 0.108682 
-0.0115487 0.0645738 
-0.0365585 0.0252918 
-0.0727702 -0.0022599 
-0.111484 -0.00962265 
-0.150192 -0.00925733 
-0.161643 -0.00864867 
0.143342 -0.00784087 
0.10498 -0.00697759 
0.0684704 -0.00808411 
0.0347384 -0.0216258 
0.00683775 -0.0480928 
-0.0079779 -0.0790964 
-0.00975872 -0.111054 
-0.00919894 -0.14288 
-0.00847945 0.134898 
-0.00760381 0.102469 
-0.00727602 0.0713222 
-0.0134653 0.0419521 
-0.0318018 0.0158162 
-0.0566385 -0.00302462 
-0.0834505 -0.00964047 
-0.110645 -0.00963204 
0.0250716 -0.00899039 
0.100655 -0.00816781 
0.0734957 -0.00740894 
0.0475607 -0.00952619 
0.0236108 -0.0210665 
0.00375135 -0.0405192 
-0.00768284 -0.0631075 
-0.00989747 -0.0866262 
-0.00941056 -0.110045 
-0.00867046 0.0992749 
-0.00781832 0.0752051 
-0.00802563 0.0520182 
-0.0143215 0.0301514 
-0.0288257 0.0107262 
-0.0476946 -0.00354821 
-0.0681382 -0.0094422 
-0.0890422 -0.0097552 
0.0779606 -0.00910976 
0.0765842 -0.00828566 
0.0556351 -0.00773761 
0.0356192 -0.010492 
0.0171675 -0.020467 
0.00183483 -0.035857 
-0.00747899 -0.0535866 
-0.00986289 -0.072149 
-0.00948911 -0.0875031 
-0.00873876 0.0777111 
-0.00795454 0.0586231 
-0.00866805 0.0402184 
-0.0147568 0.0228805 
-0.0267742 0.00750457 
-0.0419774 -0.00395777 
-0.058467 -0.00922411 
-0.0753953 -0.00977712 
0.0729157 -0.00915186 
0.0611309 -0.00834216 
0.0441232 -0.00806334 
0.0278819 -0.0111723 
0.0129395 -0.0199339 
0.000499911 -0.0326741 
-0.00735164 -0.0472486 
-0.0097638 -0.062557 
-0.00951034 -0.0599017 
-0.008762 0.0632546 
-0.00808966 0.0474708 
-0.00921634 0.032252 
-0.0149915 0.0179371 
-0.0252632 0.00526077 
-0.0379899 -0.00429582 
-0.0517913 -0.00903067 
-0.0658089 -0.00974788 
0.0627947 -0.00916 
0.0503682 -0.00838689 
0.0360819 -0.00838904 
0.022453 -0.0116693 
0.00993836 -0.0194743 
-0.000497153 -0.0303496 
-0.00727626 -0.042714 
-0.00964358 -0.0557221 
-0.00950035 -0.021548 
-0.00876952 0.0528878 
-0.00824132 0.0394543 
-0.00968079 0.0265075 
-0.0151196 0.0143496 
-0.0240971 0.00359691 
-0.03504 -0.00458296 
-0.0468977 -0.00886871 
-0.0579328 -0.00969108 
0.053967 -0.00915133 
0.0424405 -0.0084391 
0.0301445 -0.0087045 
0.0184285 -0.012043 
0.00768987 -0.0190786 
-0.0012776 -0.0285696 
-0.00723503 -0.0393015 
-0.00952085 -0.0505749 
-0.00947139 0.0109113 
-0.0087752 0.0450895 
-0.00840843 0.0334123 
-0.0100739 0.022166 
-0.0151866 0.0116223 
-0.0231653 0.00230729 
-0.0327629 -0.00483141 
-0.0431504 -0.00873536 
-0.0494464 -0.00961985 
0.0468066 -0.0091346 
0.0363569 -0.00850508 
0.025579 -0.00900207 
0.0153226 -0.0123309 
0.00593756 -0.0187354 
-0.00190934 -0.027158 
-0.00721625 -0.0366356 
-0.00940349 -0.0464573 
-0.0094309 0.0269718 
-0.00878595 0.0390098 
-0.00858505 0.028694 
-0.0104076 0.0187673 
-0.0152167 0.00947548 
-0.0224008 0.00127439 
-0.0309479 -0.00504926 
-0.0401797 -0.0086258 
-0.0381123 -0.00954203 
0.0410017 -0.00911523 
0.0315403 -0.00858503 
0.0219578 -0.00927799 
0.0128508 -0.0125569 
0.00453037 -0.0184351 
-0.00243377 -0.0260079 
-0.00721226 -0.0344918 
-0.00929457 -0.0428203 
-0.00938414 0.0320861 
-0.00880486 0.0341364 
-0.0087652 0.0249066 
-0.0106925 0.016033 
-0.0152238 0.00773948 
-0.0217602 0.000425893 
-0.0294644 -0.00524223 
-0.0377445 -0.00853542 
-0.0234764 -0.00946252 
0.0362355 -0.00909684 
0.0276315 -0.00867663 
0.0190144 -0.00953129 
0.0108353 -0.0127373 
0.00337338 -0.0181701 
-0.0028777 -0.0250505 
-0.00721803 -0.0327265 
-0.00919496 -0.0390683 
-0.00933509 0.0323904 
-0.00883279 0.0301424 
-0.00894418 0.0217987 
-0.0109373 0.0137845 
-0.0152163 0.00630508 
-0.0212142 -0.000285246 
-0.0282271 -0.00541459 
-0.0356579 -0.00846037 
-0.00817624 -0.00938443 
0.0322643 -0.00908184 
0.0243957 -0.0087768 
0.016574 -0.00976254 
0.00915935 -0.0128832 
0.00240385 -0.0179342 
-0.00325941 -0.0242397 
-0.00723018 -0.0312405 
-0.00910457 -0.0345424 
-0.00928673 0.0308902 
-0.00886933 0.0268091 
-0.00911872 0.0192019 
-0.0111489 0.0119021 
-0.0151992 0.00509885 
-0.0207424 -0.000891047 
-0.0271773 -0.00556958 
-0.0337394 -0.00839761 
0.0042327 -0.00930983 
0.0289096 -0.00907171 
0.0216723 -0.0088825 
0.0145174 -0.00997311 
0.00774296 -0.0130026 
0.00157862 -0.0177228 
-0.00359181 -0.0235429 
-0.00724645 -0.0299576 
-0.00902294 -0.0286971 
-0.00924123 0.0288103 
-0.00891342 0.0239849 
-0.00928672 0.0169994 
-0.0113331 0.0103026 
-0.015176 0.00406956 
-0.0203298 -0.0014141 
-0.0262726 -0.00570973 
-0.0317859 -0.00834478 
0.0123197 -0.00924004 
0.0260404 -0.00906721 
0.0193485 -0.00899114 
0.0127602 -0.0101647 
0.00652957 -0.0131013 
0.000866984 -0.0175319 
-0.00388434 -0.0229366 
-0.00726529 -0.0288093 
-0.00894954 -0.0214434 
-0.00920009 0.0266305 
-0.00896378 0.0215613 
-0.00944694 0.0151074 
-0.0114942 0.00892619 
-0.0151488 0.00318034 
-0.0199653 -0.00187084 
-0.0254797 -0.00583711 
-0.0295647 -0.00830009 
0.0167374 -0.00917594 
0.0235596 -0.00906857 
0.0173419 -0.00910064 
0.011241 -0.0103391 
0.00547801 -0.0131834 
0.000246476 -0.0173586 
-0.00414406 -0.0224029 
-0.00728566 -0.0277242 
-0.00888383 -0.0133862 
-0.00916426 0.0245343 
-0.00901908 0.0194585 
-0.00959878 0.0134643 
-0.0116361 0.00772892 
-0.0151191 0.00240399 
-0.0196404 -0.00227351 
-0.0247696 -0.00595336 
-0.0268373 -0.00826216 
0.0187223 -0.00911805 
0.0213939 -0.00907569 
0.0155918 -0.00920941 
0.0099145 -0.010498 
0.00455759 -0.0132523 
-0.000299731 -0.0172004 
-0.00437641 -0.0219274 
-0.00730687 -0.0266199 
-0.00882533 -0.00559943 
-0.00913427 0.0225853 
-0.00907809 0.0176167 
-0.00974203 0.012024 
-0.0117615 0.0066777 
-0.015088 0.00171998 
-0.0193484 -0.00263144 
-0.0241135 -0.00605989 
-0.0234221 -0.00822999 
0.0192767 -0.00906663 
0.019487 -0.00908821 
0.0140517 -0.00931628 
0.0087459 -0.010643 
0.00374496 -0.0133104 
-0.000784498 -0.0170552 
-0.00458562 -0.0214974 
-0.00732847 -0.025401 
-0.0087736 0.000963117 
-0.0091103 0.0207988 
-0.00913972 0.01599 
-0.00987677 0.0107508 
-0.011873 0.00574715 
-0.0150561 0.00111253 
-0.0190835 -0.00295188 
-0.0234794 -0.00615786 
-0.0192817 -0.00820282 
0.0190416 -0.00902175 
0.0177955 -0.00910565 
0.0126859 -0.00942043 
0.00770847 -0.0107755 
0.00302204 -0.0133596 
-0.00121783 -0.0169212 
-0.00477508 -0.0211008 
-0.0073502 -0.0239621 
-0.00872828 0.00587422 
-0.00909232 0.0191698 
-0.00920305 0.0145429 
-0.0100033 0.00961725 
-0.0119725 0.00491746 
-0.0150239 0.000569286 
-0.0188407 -0.00324057 
-0.0228301 -0.00624828 
-0.0145866 -0.00818007 
0.0183911 -0.00898333 
0.0162847 -0.00912745 
0.0114663 -0.00952129 
0.00678118 -0.0108968 
0.00237461 -0.0134014 
-0.00160765 -0.0167968 
-0.00494753 -0.0207243 
-0.0073719 -0.0222016 
-0.00868899 0.00919963 
-0.00908009 0.0176862 
-0.00926731 0.0132469 
-0.0101219 0.00860142 
-0.0120616 0.00417297 
-0.0149916 8.04567e-05 
-0.018615 -0.00350209 
-0.0221217 -0.00633202 
-0.00969478 -0.0081613 
0.0175362 -0.00895117 
0.0149274 -0.00915306 
0.0103705 -0.00961853 
