0.0005 0.005
0 0 
1.11683e-21 1.11683e-21 
-0.00171309 -0.00171309 
-0.00247909 -0.00247909 
-0.00221565 -0.00221565 
0.078437 0.078437 
-0.00354768 -0.00354768 
0.0111241 0.0111241 
0.118474 0.118474 
-0.004162 -0.004162 
-0.00272481 -0.00272481 
0.137573 0.137573 
-0.00189518 -0.00189518 
-0.0040524 -0.0040524 
0.148647 0.148647 
0.0200447 0.0200447 
-0.00437595 -0.00437595 
0.155862 0.155862 
0.0450652 0.0450652 
-0.00467589 -0.00467589 
0.160932 0.160932 
0.0648618 0.0648618 
-0.00304943 -0.00304943 
0.164689 0.164689 
0.0801702 0.0801702 
0.00812614 0.00812614 
0.167585 0.167585 
0.0922263 0.0922263 
0.0239348 0.0239348 
0.169886 0.169886 
0.101931 0.101931 
0.0387846 0.0387846 
0.171715 0.171715 
0.1099 0.1099 
0.0516481 0.0516481 
0.0282808 0.0282808 
0.116557 0.116557 
0.0626577 0.0626577 
0.0140308 0.0140308 
0.122199 0.122199 
0.0721153 0.0721153 
0.0254575 0.0254575 
0.127042 0.127042 
0.0803009 0.0803009 
0.0360684 0.0360684 
0.131243 0.131243 
0.0874437 0.0874437 
0.0456172 0.0456172 
0.134921 0.134921 
0.0937256 0.0937256 
0.0541513 0.0541513 
0.138093 0.138093 
0.0992904 0.0992904 
0.0617842 0.0617842 
0.0907747 0.0907747 
0.104253 0.104253 
0.0686337 0.0686337 
0.0348711 0.0348711 
0.108705 0.108705 
0.074806 0.074806 
0.04216 0.04216 
0.11272 0.11272 
0.080392 0.080392 
0.0491165 0.0491165 
0.11636 0.11636 
0.0854689 0.0854689 
0.0554858 0.0554858 
0.119675 0.119675 
0.0901018 0.0901018 
0.0613266 0.0613266 
0.122539 0.122539 
0.0943455 0.0943455 
0.0666956 0.0666956 
0.102809 0.102809 
0.0982464 0.0982464 
0.0716442 0.0716442 
0.0478231 0.0478231 
0.101844 0.101844 
0.0762177 0.0762177 
0.0512667 0.0512667 
0.105172 0.105172 
0.0804559 0.0804559 
0.0563161 0.0563161 
0.10826 0.10826 
0.0843933 0.0843933 
0.0610455 0.0610455 
0.111129 0.111129 
0.0880604 0.0880604 
0.0654603 0.0654603 
0.113551 0.113551 
0.0914837 0.0914837 
0.0695887 0.0695887 
0.103394 0.103394 
0.0946863 0.0946863 
0.0734566 0.0734566 
0.0583998 0.0583998 
0.0976888 0.0976888 
0.0770871 0.0770871 
0.0570599 0.0570599 
0.100509 0.100509 
0.0805009 0.0805009 
0.0608614 0.0608614 
0.103163 0.103163 
0.0837164 0.0837164 
0.0646039 0.0646039 
0.105656 0.105656 
0.0867501 0.0867501 
0.0681446 0.0681446 
0.107695 0.107695 
0.0896169 0.0896169 
0.0714941 0.0714941 
0.101763 0.101763 
0.0923299 0.0923299 
0.0746667 0.0746667 
0.0676455 0.0676455 
0.0949011 0.0949011 
0.0776758 0.0776758 
0.0613333 0.0613333 
0.0973412 0.0973412 
0.0805334 0.0805334 
0.0640097 0.0640097 
0.0996593 0.0996593 
0.0832505 0.0832505 
0.067076 0.067076 
0.101848 0.101848 
0.085837 0.085837 
0.0700267 0.0700267 
0.103581 0.103581 
0.0883021 0.0883021 
0.0728427 0.0728427 
0.0998405 0.0998405 
0.0906539 0.0906539 
0.075531 0.075531 
0.0750306 0.0750306 
0.0929001 0.0929001 
0.0780998 0.0780998 
0.0649513 0.0649513 
0.0950475 0.0950475 
0.0805569 0.0805569 
0.0663705 0.0663705 
0.0971006 0.0971006 
0.0829092 0.0829092 
0.0688984 0.0688984 
0.0990402 0.0990402 
0.0851632 0.0851632 
0.0714191 0.0714191 
0.100535 0.100535 
0.0873249 0.0873249 
0.0738464 0.0738464 
0.0980635 0.0980635 
0.0893998 0.0893998 
0.0761781 0.0761781 
0.0803153 0.0803153 
0.0913929 0.0913929 
0.0784188 0.0784188 
0.0682955 0.0682955 
0.0933087 0.0933087 
0.0805737 0.0805737 
0.0682881 0.0682881 
0.0951484 0.0951484 
0.0826474 0.0826474 
0.0703108 0.0703108 
0.0968826 0.0968826 
0.0846445 0.0846445 
0.072492 0.072492 
0.0981898 0.0981898 
0.0865691 0.0865691 
0.0746219 0.0746219 
0.0965121 0.0965121 
0.088425 0.088425 
0.0766798 0.0766798 
0.0838002 0.0838002 
0.0902156 0.0902156 
0.0786665 0.0786665 
0.0714556 0.0714556 
0.091944 0.091944 
0.0805852 0.0805852 
0.0699713 0.0699713 
0.0936081 0.0936081 
0.0824393 0.0824393 
0.0714613 0.0714613 
0.0951707 0.0951707 
0.0842319 0.0842319 
0.0733484 0.0733484 
0.0963302 0.0963302 
0.085966 0.085966 
0.0752391 0.0752391 
0.0951768 0.0951768 
0.0876444 0.0876444 
0.0770793 0.0770793 
0.0859727 0.0859727 
0.0892696 0.0892696 
0.0788634 0.0788634 
0.0743724 0.0743724 
0.0908431 0.0908431 
0.0805924 0.0805924 
0.071542 0.071542 
0.0923604 0.0923604 
0.0822689 0.0822689 
0.0724487 0.0724487 
0.0937782 0.0937782 
0.0838949 0.0838949 
0.0740558 0.0740558 
0.0948196 0.0948196 
0.0854728 0.0854728 
0.0757433 0.0757433 
0.0940276 0.0940276 
0.0870046 0.0870046 
0.0774048 0.0774048 
0.0872644 0.0872644 
0.088492 0.088492 
0.079023 0.079023 
0.0769525 0.0769525 
0.0899354 0.0899354 
0.0805963 0.0805963 
0.0730597 0.0730597 
0.0913279 0.0913279 
0.0821261 0.0821261 
0.0733408 0.0733408 
0.0926226 0.0926226 
0.0836138 0.0836138 
0.0746619 0.0746619 
0.0935683 0.0935683 
0.0850612 0.0850612 
0.0761661 0.0761661 
0.0930336 0.0930336 
0.0864698 0.0864698 
0.0776754 0.0776754 
0.0879874 0.0879874 
0.0878407 0.0878407 
0.0791546 0.0791546 
0.0791348 0.0791348 
0.0891733 0.0891733 
0.0805976 0.0805976 
0.0745389 0.0745389 
0.0904585 0.0904585 
0.0820042 0.0820042 
0.0741834 0.0741834 
0.0916475 0.0916475 
0.0833752 0.0833752 
0.075202 0.075202 
0.0925149 0.0925149 
0.084712 0.084712 
0.0765306 0.0765306 
0.092168 0.092168 
0.0860156 0.0860156 
0.0779051 0.0779051 
0.0883492 0.0883492 
