0.001 0.005
7.54461e-195 7.54461e-195 
6.90097e-19 6.90097e-19 
6.60689e-06 6.60689e-06 
0.197805 0.197805 
0.365715 0.365715 
0.110696 0.110696 
0.00673251 0.00673251 
-0.00661645 -0.00661645 
-0.00601203 -0.00601203 
-0.0051408 -0.0051408 
0.0169896 0.0169896 
0.312819 0.312819 
0.244721 0.244721 
0.138326 0.138326 
0.0583607 0.0583607 
0.0121717 0.0121717 
-0.00429217 -0.00429217 
-0.00567928 -0.00567928 
0.0452875 0.0452875 
0.242398 0.242398 
0.211634 0.211634 
0.144752 0.144752 
0.0859979 0.0859979 
0.0405291 0.0405291 
0.0113089 0.0113089 
-0.000158028 -0.000158028 
0.043892 0.043892 
0.194564 0.194564 
0.193789 0.193789 
0.147167 0.147167 
0.101467 0.101467 
0.0619669 0.0619669 
0.0309611 0.0309611 
0.0124953 0.0124953 
0.0368612 0.0368612 
0.153795 0.153795 
0.179776 0.179776 
0.147871 0.147871 
0.111137 0.111137 
0.0772187 0.0772187 
0.0481086 0.0481086 
0.0273135 0.0273135 
0.0355186 0.0355186 
0.118575 0.118575 
0.165177 0.165177 
0.147188 0.147188 
0.117561 0.117561 
0.0883084 0.0883084 
0.0618786 0.0618786 
0.0410963 0.0410963 
0.0394445 0.0394445 
0.0925409 0.0925409 
0.148265 0.148265 
0.144809 0.144809 
0.121817 0.121817 
0.0965816 0.0965816 
0.072804 0.072804 
0.052958 0.052958 
0.0459308 0.0459308 
0.0767869 0.0767869 
0.129935 0.129935 
0.14027 0.14027 
0.124308 0.124308 
0.102825 0.102825 
0.0815201 0.0815201 
0.0629265 0.0629265 
0.0531496 0.0531496 
0.0691876 0.0691876 
0.112753 0.112753 
0.133421 0.133421 
