0.0005 0.005
0 0 
-5.02271e-124 8.60423e-124 
-1.08661e-37 4.91114e-37 
-6.08038e-08 0.361332 
-0.114275 0.252937 
-0.435266 -0.00540248 
-0.0141941 -0.00746371 
-0.00537702 -0.00690319 
-0.00516279 -0.00645168 
-0.00494235 -0.00573719 
-0.00240638 -0.00490529 
0.294355 -0.0041658 
0.147914 -0.0180396 
0.0304138 -0.113466 
-0.00904235 -0.225877 
-0.00830313 -0.331971 
-0.00776926 -0.00637956 
-0.00711783 -0.00609899 
-0.00624947 0.304328 
-0.00539795 0.210907 
-0.00725524 0.125209 
-0.0457193 0.0494517 
-0.11185 -0.00167872 
-0.180472 -0.00919368 
-0.246876 -0.00851272 
-0.14437 -0.00793113 
0.240466 -0.00712746 
0.17583 -0.00622928 
0.115012 -0.00588262 
0.0589658 -0.0204899 
0.0124891 -0.061766 
-0.00912835 -0.110846 
-0.00985173 -0.16036 
-0.00923633 -0.208724 
-0.00850533 0.205638 
-0.00758208 0.156221 
-0.00675437 0.109119 
-0.0111749 0.0647981 
-0.0355692 0.025136 
-0.0717758 -0.00302672 
-0.11055 -0.0105032 
-0.149302 -0.0100256 
-0.0586368 -0.00935849 
0.143976 -0.00849123 
0.105516 -0.00755023 
0.0688562 -0.00818021 
0.0348656 -0.0208165 
0.006472 -0.047067 
-0.00885798 -0.0780915 
-0.0106003 -0.110088 
-0.00996291 -0.141934 
-0.009188 0.135599 
-0.0082446 0.103088 
-0.0076834 0.0718299 
-0.0129965 0.0422764 
-0.0308222 0.0157926 
-0.05559 -0.00362355 
-0.0824237 -0.010538 
-0.109645 -0.0104483 
0.115289 -0.0097465 
0.101344 -0.00886406 
0.0740984 -0.00798171 
0.0480277 -0.00946899 
0.0238327 -0.0202462 
0.00351594 -0.0394703 
-0.0084623 -0.0620388 
-0.0107705 -0.0855756 
-0.0102095 -0.107825 
-0.00941416 0.100029 
-0.00848081 0.0758835 
-0.00831972 0.0525928 
-0.0137843 0.030548 
-0.0278401 0.0107907 
-0.0466099 -0.00402423 
-0.0670506 -0.0103072 
-0.0879671 -0.0106003 
0.0973279 -0.00989464 
0.0773243 -0.00900763 
0.0562934 -0.00826231 
0.0361442 -0.0103185 
0.0174525 -0.0196317 
0.00168906 -0.0347928 
-0.00816455 -0.0524785 
-0.0107413 -0.0710438 
-0.0103133 -0.0677226 
-0.00950704 0.0785105 
-0.00861154 0.0593484 
-0.00884979 0.0408408 
-0.0141702 0.023326 
-0.0257828 0.00762962 
-0.0408711 -0.00434239 
-0.0573411 -0.0100403 
-0.0741909 -0.0106404 
0.0790792 -0.00995956 
0.0619111 -0.00907699 
0.0448219 -0.00851821 
0.0284467 -0.0109116 
0.0132679 -0.0190857 
0.000418932 -0.0316011 
-0.00795742 -0.0461164 
-0.0106312 -0.0614156 
-0.0103552 0.00486834 
-0.00954887 0.0640895 
-0.00872048 0.0482308 
-0.00929978 0.032908 
-0.014368 0.0184163 
-0.0242678 0.00542936 
-0.0368709 -0.00461038 
-0.0506409 -0.00979508 
-0.0635795 -0.0106206 
0.0657995 -0.0099874 
0.0511785 -0.00912238 
0.0368095 -0.0087679 
0.0230455 -0.0113417 
0.0102977 -0.0186157 
-0.00052935 -0.0292717 
-0.00781546 -0.0415668 
-0.0104909 -0.0545428 
-0.010362 0.0451819 
-0.00956922 0.0537496 
-0.00883205 0.0402396 
-0.00968112 0.0271872 
-0.0144673 0.0148525 
-0.023099 0.00379793 
-0.0339137 -0.00484237 
-0.045731 -0.00958383 
-0.0501949 -0.010566 
0.0559298 -0.00999535 
0.0432734 -0.00916396 
0.0308931 -0.00900904 
0.0190407 -0.0116627 
0.00807181 -0.0182115 
-0.00127192 -0.0274894 
-0.00771867 -0.038145 
-0.0103437 -0.0492508 
-0.0103457 0.0510501 
-0.00958125 0.0459716 
-0.00895115 0.0342163 
-0.0100043 0.0228627 
-0.0145115 0.0121423 
-0.0221656 0.00253315 
-0.0316327 -0.00504646 
-0.0419692 -0.00940552 
-0.0265877 -0.0104915 
0.0483389 -0.00999129 
0.0372067 -0.00920986 
0.0263428 -0.00923738 
0.0159489 -0.0119081 
0.00633645 -0.0178615 
-0.00187358 -0.0260769 
-0.00765325 -0.0354733 
-0.0102004 -0.0444471 
-0.0103135 0.047934 
-0.00959146 0.0399072 
-0.00907628 0.0295119 
-0.0102791 0.0194764 
-0.014523 0.0100081 
-0.0214001 0.00151966 
-0.0298157 -0.00522804 
-0.0389636 -0.00925574 
0.00271453 -0.0104066 
0.0423262 -0.00997968 
0.0324028 -0.00926255 
0.0227326 -0.00945031 
0.0134872 -0.0120991 
0.00494214 -0.0175557 
-0.00237371 -0.024927 
-0.00760988 -0.0333248 
-0.0100656 -0.0384416 
-0.0102707 0.0434102 
-0.00960305 0.0350454 
-0.00920437 0.0257347 
-0.0105139 0.0167509 
-0.0145147 0.00828137 
-0.0207591 0.000686555 
-0.0283316 -0.00539101 
-0.0363936 -0.0091297 
0.0225077 -0.0103171 
0.0374476 -0.00996354 
0.0285037 -0.00932184 
0.0197973 -0.00964689 
0.011479 -0.0122503 
0.00379502 -0.0172861 
-0.00279777 -0.0239704 
-0.00758219 -0.0315494 
-0.00994102 -0.028937 
-0.0102211 0.0390927 
-0.00961742 0.0310602 
-0.00933251 0.0226343 
-0.0107157 0.0145087 
-0.0144942 0.00685376 
-0.0202132 -1.22749e-05 
-0.027094 -0.00553829 
-0.0338558 -0.00902319 
0.0304715 -0.0102269 
0.0334103 -0.00994506 
0.0252751 -0.00938643 
0.0173627 -0.00982729 
0.00980826 -0.0123715 
0.00283307 -0.0170464 
-0.0031631 -0.0231607 
-0.00756579 -0.0300282 
-0.00982704 -0.015019 
-0.0101679 0.0352744 
-0.00963496 0.0277335 
-0.00945839 0.020043 
-0.0108902 0.0126307 
-0.0144662 0.00565246 
-0.0197416 -0.000608187 
-0.0260422 -0.0056722 
-0.0307277 -0.00893267 
0.0321149 -0.0101385 
0.0300139 -0.00992587 
0.0225571 -0.00945465 
0.0153101 -0.00999229 
0.00839543 -0.0124696 
0.00201363 -0.0168318 
-0.00348194 -0.0224651 
-0.00755759 -0.0286327 
-0.0097232 0.000223496 
-0.0101135 0.0319526 
-0.00965553 0.0249142 
-0.00958037 0.0178444 
-0.0110419 0.0110341 
-0.0144335 0.00462663 
-0.0193293 -0.0011233 
-0.0251273 -0.00579457 
-0.0261611 -0.00885529 
0.0312372 -0.0100535 
0.0271169 -0.00990716 
0.0202372 -0.00952494 
0.0135555 -0.010143 
0.00718433 -0.0125498 
0.00130636 -0.0166383 
-0.00376321 -0.021859 
-0.00755537 -0.0271833 
-0.00962884 0.0121088 
-0.0100595 0.0290632 
-0.00967871 0.0224941 
-0.00969737 0.015955 
-0.0111746 0.00965947 
-0.0143981 0.00373974 
-0.0189652 -0.00157369 
-0.0243009 -0.00590688 
-0.0194404 -0.0087888 
0.0294922 -0.0099728 
0.0246165 -0.00988974 
0.0182335 -0.00959592 
0.0120381 -0.0102805 
0.00613407 -0.0126159 
0.000689035 -0.0164628 
-0.00401361 -0.0213226 
-0.00755756 -0.0254119 
-0.00954321 0.0190373 
-0.0100073 0.0265373 
-0.00970402 0.0203938 
-0.00980873 0.0143136 
-0.0112912 0.00846307 
-0.0143612 0.00296477 
-0.0186404 -0.00197135 
-0.0235014 -0.00601036 
-0.010744 -0.00873136 
0.0275258 -0.00989702 
0.0224364 -0.00987415 
0.0164851 -0.00966649 
0.0107123 -0.0104061 
0.00521413 -0.0126706 
0.000145046 -0.0163026 
-0.00423827 -0.0208361 
-0.00756297 -0.0229573 
-0.00946557 0.0221661 
-0.00995781 0.024315 
-0.00973094 0.0185536 
-0.00991412 0.0128741 
-0.0113942 0.00741197 
-0.0143238 0.00228138 
-0.0183472 -0.0023254 
-0.02264 -0.00610606 
-0.00152624 -0.00868155 
0.0255832 -0.00982644 
0.0205185 -0.00986069 
0.0149461 -0.0097358 
0.00954375 -0.0105208 
0.00440132 -0.0127161 
-0.000338322 -0.0161554 
-0.00444119 -0.0203759 
-0.00757077 -0.0194432 
-0.00939524 0.0230716 
-0.00991158 0.0223468 
-0.009759 0.0169279 
-0.0100134 0.0116012 
-0.0114856 0.00648094 
-0.0142863 0.0016739 
-0.018078 -0.00264294 
-0.0215882 -0.00619484 
0.00637026 -0.00863821 
0.023753 -0.00976118 
0.0188182 -0.00984951 
0.0135807 -0.00980324 
0.00850582 -0.0106258 
0.00367767 -0.0127541 
-0.000770959 -0.0160192 
-0.00462554 -0.0199096 
-0.00758034 -0.0146771 
-0.0093316 0.0228291 
-0.00986895 0.0205925 
-0.0097878 0.015481 
-0.0101067 0.0104673 
-0.011567 0.00565027 
-0.014249 0.00113009 
-0.0178235 -0.00292956 
-0.0201751 -0.00627743 
0.0119686 -0.00860045 
0.022061 -0.00970123 
0.0173002 -0.00984064 
0.012361 -0.00986837 
0.00757757 -0.0107218 
0.00302904 -0.0127858 
-0.00116068 -0.0158914 
-0.0047939 -0.0193901 
-0.00759122 -0.00889046 
-0.0092741 0.0220364 
-0.0098301 0.0190196 
-0.00981698 0.0141849 
-0.0101941 0.00945063 
-0.0116397 0.00490438 
-0.0142119 0.000640213 
-0.017571 -0.00318973 
-0.0182069 -0.0063545 
0.0153497 -0.00856751 
0.0205085 -0.00964646 
0.0159367 -0.00983401 
