0.001 0.01
-5.80397e-189 6.251e-189 
-1.96331e-19 2.88828e-19 
-1.90023e-07 4.81754e-07 
-0.00239467 0.0180168 
-0.0809362 0.551542 
-0.287275 0.27569 
-0.431619 0.0702716 
-0.199756 -0.000436739 
-0.0212259 -0.00856044 
-0.00773684 -0.0068627 
-0.00597587 -0.00538762 
0.00121227 -0.00467017 
0.130426 -0.00811232 
0.32175 -0.0294797 
0.24435 -0.0811098 
0.142518 -0.155027 
0.0649291 -0.230178 
0.0180518 -0.265097 
-0.00194412 -0.181106 
-0.00663645 -0.0517718 
-0.00664206 0.000618206 
-0.00790791 0.101262 
-0.0160547 0.238389 
-0.0370419 0.225492 
-0.0722573 0.16471 
-0.117468 0.105486 
-0.165293 0.0574921 
-0.203185 0.0237361 
-0.202487 0.00428343 
-0.122936 -0.00419055 
0.0245617 -0.00738493 
0.171327 -0.0112979 
0.204703 -0.0209395 
0.172259 -0.0391373 
0.128103 -0.0657322 
0.0866261 -0.0982993 
0.0518425 -0.133127 
0.0254937 -0.164339 
0.00801525 -0.177994 
-0.00195562 -0.130482 
-0.00776171 0.0404868 
-0.0137941 0.166146 
-0.0237939 0.170362 
-0.0395682 0.140747 
-0.060911 0.106645 
-0.0863323 0.0748187 
-0.113588 0.0475145 
-0.138973 0.0258441 
-0.15185 0.0101484 
-0.110121 -0.000360332 
0.0426675 -0.00783373 
0.14373 -0.0152652 
0.144424 -0.025292 
0.119902 -0.039249 
0.092391 -0.0571041 
0.0666135 -0.0779265 
0.0441043 -0.100163 
0.0256121 -0.120749 
0.0113392 -0.129298 
0.000722144 -0.0875825 
-0.00770205 0.0393898 
-0.0159608 0.121804 
-0.0258921 0.124617 
-0.0385172 0.104925 
-0.0539338 0.0821251 
-0.07155 0.0605004 
-0.0901328 0.0413115 
-0.106657 0.0250953 
-0.110506 0.0119516 
-0.069122 0.0014418 
0.0349639 -0.00746253 
0.103443 -0.0161535 
0.108979 -0.0259215 
0.0934731 -0.0375486 
0.0742787 -0.0511888 
0.0557011 -0.0664356 
0.0389415 -0.0821715 
0.0244269 -0.0952067 
0.0122002 -0.0949793 
0.00191276 -0.0550457 
-0.00717566 0.0307425 
-0.0160399 0.0885692 
-0.025598 0.0962817 
-0.0364457 0.0842989 
-0.0487382 0.0679977 
-0.0621485 0.0517738 
-0.0755605 0.0368716 
-0.0856048 0.023679 
-0.0821668 0.0122184 
-0.0444628 0.00221455 
0.027048 -0.00687486 
0.0765492 -0.0157462 
0.0857545 -0.0250619 
0.0766895 -0.0352716 
0.0627815 -0.0464986 
0.0484509 -0.0584264 
0.0350236 -0.0698848 
0.0228941 -0.0773887 
0.0120908 -0.0715704 
0.00240097 -0.036467 
-0.00657748 0.0238941 
-0.0153508 0.0667655 
-0.0244026 0.0768869 
-0.0340664 0.0702134 
-0.0444165 0.0583219 
-0.0551064 0.0455627 
-0.0648936 0.0333454 
-0.0702645 0.022098 
-0.0627685 0.0118715 
-0.030355 0.00250816 
0.0212132 -0.00629197 
0.0587191 -0.0149017 
0.0693235 -0.0236762 
0.064595 -0.0328557 
0.0544214 -0.0424576 
0.0429978 -0.0520859 
0.0318015 -0.0604297 
0.0213062 -0.0640298 
0.0115955 -0.055415 
0.0025605 -0.0256179 
-0.00602193 0.0189266 
-0.0144281 0.0520275 
-0.022918 0.0628057 
-0.0316554 0.0596502 
-0.0406 0.0509496 
-0.0492991 0.0406813 
-0.0563903 0.0303668 
-0.058536 0.0205279 
-0.0492311 0.0112855 
-0.0218939 0.00257451 
0.0169641 -0.00576833 
0.0464017 -0.0139472 
0.0571397 -0.0221498 
0.0552502 -0.0304758 
0.0478176 -0.0388294 
0.0385618 -0.0467037 
0.0290229 -0.0527055 
0.0197681 -0.0536683 
0.0109562 -0.0439942 
0.00256152 -0.0189254 
-0.00553081 0.0152678 
-0.0134695 0.0416234 
-0.0213847 0.0521763 
-0.0293226 0.0513013 
-0.0371364 0.044963 
-0.0442711 0.0366029 
-0.0493251 0.0277564 
-0.0493352 0.0190293 
-0.0395274 0.0106169 
-0.0165279 0.00252936 
0.0137913 -0.00530837 
0.0375263 -0.0130005 
0.0477989 -0.0206309 
0.0477333 -0.0281996 
0.0423408 -0.0355145 
0.0347785 -0.041982 
0.0265571 -0.0462118 
0.0183126 -0.045462 
0.0102739 -0.0356904 
0.00248353 -0.0145674 
-0.00509971 0.0124976 
-0.0125434 0.0339829 
-0.0198929 0.0439149 
-0.0271087 0.0444916 
-0.0339594 0.0399177 
-0.0398224 0.0330694 
-0.0433362 0.025417 
-0.0419869 0.0176181 
-0.0323717 0.00993113 
-0.0129455 0.0024279 
0.0113574 -0.00490351 
0.0308944 -0.0120997 
0.0404498 -0.0191734 
0.041533 -0.0260508 
0.037668 -0.0324675 
0.0314613 -0.0377818 
0.0243302 -0.0406745 
0.0169454 -0.038858 
0.00959121 -0.0294826 
0.00236527 -0.0115893 
-0.00471848 0.0103469 
-0.0116699 0.0281834 
-0.0184735 0.0373434 
-0.0250262 0.0388225 
-0.0310363 0.0355718 
