0.0005 0.01
0 0 
6.7274e-108 6.7274e-108 
6.397e-34 6.397e-34 
0.00503665 0.00503665 
0.355194 0.355194 
0.0315372 0.0315372 
-0.00523573 -0.00523573 
-0.0048329 -0.0048329 
-0.00458768 -0.00458768 
-0.00438987 -0.00438987 
-0.00422194 -0.00422194 
0.370482 0.370482 
0.223257 0.223257 
0.0955283 0.0955283 
0.00589572 0.00589572 
-0.00676164 -0.00676164 
-0.00629787 -0.00629787 
-0.00597114 -0.00597114 
-0.00278634 -0.00278634 
0.281322 0.281322 
0.194961 0.194961 
0.115473 0.115473 
0.0453531 0.0453531 
-0.000769524 -0.000769524 
-0.00734009 -0.00734009 
-0.00690037 -0.00690037 
0.0198604 0.0198604 
0.243789 0.243789 
0.182654 0.182654 
0.124947 0.124947 
0.0712701 0.0712701 
0.0245568 0.0245568 
-0.00380257 -0.00380257 
-0.00764265 -0.00764265 
0.00255423 0.00255423 
0.223126 0.223126 
0.175791 0.175791 
0.13049 0.13049 
0.0874255 0.0874255 
0.0474018 0.0474018 
0.0134585 0.0134585 
-0.00547468 -0.00547468 
-0.00705583 -0.00705583 
0.210053 0.210053 
0.171426 0.171426 
0.134139 0.134139 
0.0982741 0.0982741 
0.0641191 0.0641191 
0.0325938 0.0325938 
0.00673319 0.00673319 
-0.00646417 -0.00646417 
0.201041 0.201041 
0.168413 0.168413 
0.13673 0.13673 
0.106031 0.106031 
0.0764393 0.0764393 
0.048298 0.048298 
0.0226106 0.0226106 
0.00234336 0.00234336 
0.193862 0.193862 
0.166216 0.166216 
0.138672 0.138672 
0.111851 0.111851 
0.0858095 0.0858095 
0.0606994 0.0606994 
0.0369087 0.0369087 
0.0155072 0.0155072 
0.116692 0.116692 
0.16455 0.16455 
0.14019 0.14019 
0.116381 0.116381 
0.0931549 0.0931549 
0.0705852 0.0705852 
0.0488454 0.0488454 
0.0283633 0.0283633 
0.014576 0.014576 
0.163248 0.163248 
0.141412 0.141412 
0.12001 0.12001 
0.0990612 0.0990612 
0.0786044 0.0786044 
0.0587261 0.0587261 
0.0396202 0.0396202 
0.021874 0.021874 
0.162049 0.162049 
0.142418 0.142418 
0.122983 0.122983 
0.103911 0.103911 
0.0852231 0.0852231 
0.0669671 0.0669671 
0.0492402 0.0492402 
0.0322617 0.0322617 
0.148333 0.148333 
0.143261 0.143261 
0.125463 0.125463 
0.107962 0.107962 
0.0907713 0.0907713 
0.0739179 0.0739179 
0.0574549 0.0574549 
0.041491 0.041491 
0.0536236 0.0536236 
0.143977 0.143977 
0.127564 0.127564 
0.111397 0.111397 
0.0954858 0.0954858 
0.0798475 0.0798475 
0.0645128 0.0645128 
0.0495408 0.0495408 
0.0366121 0.0366121 
0.144458 0.144458 
0.129366 0.129366 
0.114345 0.114345 
0.0995395 0.0995395 
0.08496 0.08496 
0.0706252 0.0706252 
0.0565698 0.0565698 
0.0429669 0.0429669 
0.140197 0.140197 
0.130928 0.130928 
0.116903 0.116903 
0.103061 0.103061 
0.0894102 0.0894102 
0.0759622 0.0759622 
0.0627382 0.0627382 
0.0497863 0.0497863 
0.0910856 0.0910856 
0.132292 0.132292 
0.119143 0.119143 
0.106148 0.106148 
0.0933175 0.0933175 
0.0806582 0.0806582 
0.068184 0.068184 
0.0559194 0.0559194 
0.0508507 0.0508507 
0.133362 0.133362 
0.121121 0.121121 
0.108877 0.108877 
0.0967744 0.0967744 
0.0848197 0.0848197 
0.0730215 0.0730215 
0.0613948 0.0613948 
0.0506733 0.0506733 
0.131898 0.131898 
0.122879 0.122879 
0.111305 0.111305 
0.099854 0.099854 
0.0885318 0.0885318 
0.0773441 0.0773441 
0.0663008 0.0663008 
0.0555051 0.0555051 
0.109082 0.109082 
0.124445 0.124445 
0.113479 0.113479 
0.102614 0.102614 
0.0918625 0.0918625 
0.0812279 0.0812279 
0.0707173 0.0707173 
0.0603545 0.0603545 
0.0670707 0.0670707 
0.125728 0.125728 
0.115438 0.115438 
0.105102 0.105102 
0.0948672 0.0948672 
0.0847354 0.0847354 
0.0747116 0.0747116 
0.0648056 0.0648056 
0.0575775 0.0575775 
0.125415 0.125415 
0.11721 0.11721 
0.107356 0.107356 
0.0975912 0.0975912 
0.0879179 0.0879179 
0.0783399 0.0783399 
0.0688629 0.0688629 
0.0598908 0.0598908 
0.114387 0.114387 
0.118811 0.118811 
0.109408 0.109408 
0.100072 0.100072 
0.0908181 0.0908181 
0.0816494 0.0816494 
0.0725694 0.0725694 
0.0636543 0.0636543 
0.0825604 0.0825604 
0.120153 0.120153 
0.111282 0.111282 
0.10234 0.10234 
0.0934716 0.0934716 
0.0846796 0.0846796 
0.0759666 0.0759666 
0.067351 0.067351 
0.0650535 0.0650535 
0.120397 0.120397 
0.113 0.113 
0.104421 0.104421 
0.0959083 0.0959083 
0.0874641 0.0874641 
0.0790908 0.0790908 
0.0707947 0.0707947 
0.0637909 0.0637909 
0.114732 0.114732 
0.114567 0.114567 
0.106339 0.106339 
0.0981535 0.0981535 
0.0900311 0.0900311 
0.0819729 0.0819729 
0.0739819 0.0739819 
0.0663143 0.0663143 
0.0938116 0.0938116 
0.115904 0.115904 
0.10811 0.10811 
0.100229 0.100229 
0.0924051 0.0924051 
0.0846397 0.0846397 
0.0769346 0.0769346 
0.0693508 0.0693508 
0.0733122 0.0733122 
0.116438 0.116438 
0.109748 0.109748 
0.102153 0.102153 
0.0946067 0.0946067 
0.0871141 0.0871141 
0.0796763 0.0796763 
0.07231 0.07231 
0.0678186 0.0678186 
0.113421 0.113421 
0.111254 0.111254 
0.103941 0.103941 
0.0966539 0.0966539 
0.0894159 0.0894159 
0.0822281 0.0822281 
0.0750959 0.0750959 
0.0687012 0.0687012 
0.100349 0.100349 
0.112556 0.112556 
0.105607 0.105607 
0.0985623 0.0985623 
0.0915625 0.0915625 
0.0846088 0.0846088 
0.0777036 0.0777036 
0.0710247 0.0710247 
0.0814649 0.0814649 
0.113248 0.113248 
0.107159 0.107159 
0.100345 0.100345 
0.0935688 0.0935688 
0.0868348 0.0868348 
0.0801447 0.0801447 
0.0735492 0.0735492 
0.0722945 0.0722945 
0.111651 0.111651 
0.108594 0.108594 
