0.001 0.005
-5.08671e-186 5.43437e-186 
-1.55598e-05 3.3011e-05 
-0.0361472 0.00505119 
-0.00055464 -0.000572771 
0.00355786 -0.00091014 
0.0366963 -0.14752 
-0.000746918 -0.000732166 
-0.00109003 0.00689851 
-0.0858984 0.0553004 
-0.00318612 -0.000700997 
0.00692118 -0.00104962 
0.0655449 -0.0518029 
0.000706615 -0.0353751 
-0.000990239 0.00555972 
-0.0327797 0.0712905 
-0.0803123 0.00457549 
0.00388854 -0.000948849 
0.074089 -0.021406 
0.0103293 -0.0820097 
-0.000872714 0.000916993 
-0.0142906 0.0745063 
-0.0680311 0.0168081 
-0.00963493 -0.000564146 
0.0726682 -0.00971673 
0.0231947 -0.0537141 
0.000282953 -0.0335007 
-0.00672943 0.0685346 
-0.0418395 0.0290819 
-0.0557661 0.0018974 
0.0619741 -0.0047493 
0.0343086 -0.0324309 
0.00430104 -0.0626019 
-0.00338221 0.0522342 
-0.025067 0.0388255 
-0.0591047 0.00734014 
0.036665 -0.00231958 
0.0426178 -0.019329 
0.01079 -0.0520381 
-0.00130259 0.0120493 
-0.0148707 0.0456579 
-0.0444681 0.0144364 
-0.0168878 -0.000130027 
0.0478493 -0.0114101 
0.0181106 -0.0374448 
0.00132273 -0.0377204 
-0.00871041 0.0488913 
-0.0312555 0.0216926 
-0.0462616 0.00309977 
0.0479558 -0.00656336 
0.0251004 -0.0259227 
0.00518071 -0.0467709 
-0.00478198 0.043181 
-0.0213807 0.0282747 
-0.0436349 0.00750627 
0.0317833 -0.00320244 
0.0311587 -0.0175371 
0.0100019 -0.0392165 
-0.00169115 0.012891 
-0.0142921 0.033664 
-0.0345645 0.0125939 
-0.00833662 -0.000151006 
0.0356045 -0.0115449 
0.0152166 -0.0301097 
0.00147724 -0.0242537 
-0.00919535 0.0365739 
-0.0260146 0.017815 
-0.0323477 0.00321924 
0.0357676 -0.00714679 
0.0203401 -0.0223252 
0.00507505 -0.0346555 
-0.00530915 0.031888 
-0.0190356 0.0227412 
-0.0337914 0.00702804 
0.0235948 -0.00360344 
0.0249484 -0.0161158 
0.00905252 -0.0314611 
-0.00196527 0.0109737 
-0.0135234 0.0268434 
-0.0285671 0.0111191 
-0.00319589 -0.000346732 
0.0282099 -0.0112105 
0.013197 -0.0255491 
0.00128374 -0.0150158 
-0.0091267 0.028666 
-0.0226117 0.0152543 
-0.0224748 0.00294323 
0.0276078 -0.00722265 
0.0172538 -0.0198437 
0.00463718 -0.0259296 
-0.00545241 0.0242652 
-0.0172761 0.0191455 
-0.02666 0.00636242 
0.0180537 -0.0037756 
0.0208523 -0.0149102 
0.00810969 -0.0258181 
-0.00215889 0.00924436 
-0.0127324 0.0222489 
-0.0241664 0.00986522 
-0.000637701 -0.000576615 
0.0231327 -0.0107209 
0.0116109 -0.0221492 
0.000989293 -0.0094925 
-0.00885092 0.0231948 
-0.0200095 0.0133227 
-0.0159103 0.00254997 
0.0220188 -0.00709673 
0.014967 -0.0178744 
0.00411055 -0.0196621 
-0.00543406 0.0191608 
-0.0158066 0.0164937 
-0.0212621 0.00567108 
0.0143716 -0.00384116 
0.0178262 -0.0138329 
0.00722707 -0.0213956 
-0.0022997 0.00790841 
-0.0119604 0.0188474 
-0.0206306 0.00876958 
0.000669847 -0.000795134 
0.0193855 -0.0101856 
0.0102843 -0.0193582 
0.000683245 -0.0061218 
-0.00849916 0.0192058 
-0.0178248 0.0117497 
-0.0115066 0.00214238 
0.0180286 -0.0068895 
0.0131332 -0.016177 
0.00358565 -0.015122 
-0.00534445 0.0155967 
-0.0144993 0.0143865 
-0.0171083 0.00501292 
0.0118092 -0.00385251 
0.0154382 -0.0128377 
0.00642037 -0.0178332 
-0.00240361 0.00687419 
-0.0112154 0.0161861 
-0.017682 0.00779991 
0.00135755 -0.000989507 
0.0164911 -0.00964235 
0.00913799 -0.0169659 
0.000395916 -0.0039794 
-0.00812056 0.0161798 
-0.015907 0.0104136 
-0.0084759 0.00175653 
0.0150647 -0.00664787 
0.0115956 -0.014653 
0.00309375 -0.0117837 
-0.00522004 0.0129949 
-0.0132985 0.0126387 
-0.013877 0.00440629 
0.00993654 -0.0038321 
0.0134791 -0.0119014 
0.00568965 -0.0149307 
-0.00247924 0.00605199 
-0.0104965 0.0140306 
-0.0151884 0.00693536 
0.00171758 -0.00115741 
0.0141837 -0.00910367 
0.00812976 -0.0148808 
0.000136337 -0.00256554 
-0.00773324 0.013811 
-0.0141932 0.00925234 
-0.00633227 0.00140344 
0.0127861 -0.00639006 
0.0102735 -0.0132615 
0.00264354 -0.00928673 
-0.00507564 0.0110197 
-0.0121805 0.0111521 
-0.0113378 0.00385401 
0.00850876 -0.00378974 
0.0118327 -0.0110136 
0.0050294 -0.0125503 
-0.0025314 0.0053795 
-0.00980257 0.012244 
-0.0130683 0.00616063 
0.00189354 -0.00129962 
0.0123005 -0.00857386 
