0.001 0.01
1.87164e-189 1.87164e-189 
7.88056e-19 7.88056e-19 
6.60002e-06 6.60002e-06 
0.195649 0.195649 
0.364722 0.364722 
0.110097 0.110097 
0.00662552 0.00662552 
-0.00659029 -0.00659029 
-0.00598251 -0.00598251 
-0.00511174 -0.00511174 
0.0167651 0.0167651 
0.311231 0.311231 
0.244178 0.244178 
0.1379 0.1379 
0.0580794 0.0580794 
0.0120601 0.0120601 
-0.00428932 -0.00428932 
-0.00564797 -0.00564797 
0.0446325 0.0446325 
0.241149 0.241149 
0.211162 0.211162 
0.144379 0.144379 
0.0856948 0.0856948 
0.0403194 0.0403194 
0.0112083 0.0112083 
-0.000186202 -0.000186202 
0.0432802 0.0432802 
0.193356 0.193356 
0.193307 0.193307 
0.146811 0.146811 
0.101161 0.101161 
0.0617166 0.0617166 
0.030784 0.030784 
0.0123817 0.0123817 
0.0363847 0.0363847 
0.152622 0.152622 
0.179237 0.179237 
0.147512 0.147512 
0.110829 0.110829 
0.0769494 0.0769494 
0.0478878 0.0478878 
0.0271355 0.0271355 
0.0351298 0.0351298 
0.117519 0.117519 
0.164548 0.164548 
0.146809 0.146809 
0.117247 0.117247 
0.0880281 0.0880281 
0.0616327 0.0616327 
0.0408778 0.0408778 
0.0390996 0.0390996 
0.0916575 0.0916575 
0.147538 0.147538 
0.144391 0.144391 
0.121492 0.121492 
0.0962926 0.0962926 
0.0725422 0.0725422 
0.0527143 0.0527143 
0.0456069 0.0456069 
0.076069 0.076069 
0.129146 0.129146 
0.139792 0.139792 
0.123963 0.123963 
0.102526 0.102526 
0.081247 0.081247 
0.0626665 0.0626665 
0.052836 0.052836 
0.0685971 0.0685971 
0.111962 0.111962 
0.132874 0.132874 
