0.001 0.005
-2.64479e-194 2.83213e-194 
-1.75481e-19 2.57849e-19 
-1.9002e-07 4.81951e-07 
-0.00241465 0.0182725 
-0.0813272 0.553589 
-0.288074 0.276231 
-0.433333 0.0705622 
-0.201947 -0.000393023 
-0.0214728 -0.00860311 
-0.00778236 -0.00690925 
-0.00601258 -0.00542773 
0.00128882 -0.0047058 
0.132645 -0.00816109 
0.323139 -0.0295933 
0.244681 -0.0813241 
0.142701 -0.155357 
0.0650426 -0.230738 
0.0180942 -0.266309 
-0.00195993 -0.182946 
-0.00667914 -0.0525255 
-0.00668929 0.00073738 
-0.0079583 0.103076 
-0.0161245 0.239982 
-0.0371511 0.225935 
-0.0724168 0.164883 
-0.117692 0.105587 
-0.165633 0.057554 
-0.203808 0.0237598 
-0.203699 0.00427166 
-0.124275 -0.00422732 
0.0252325 -0.00743477 
0.173068 -0.011358 
0.205404 -0.0210167 
0.172497 -0.0392401 
0.128213 -0.0658669 
0.0866894 -0.0984767 
0.0518775 -0.133378 
0.0255028 -0.164751 
0.00799937 -0.178737 
-0.00199252 -0.131349 
-0.00781419 0.0412995 
-0.0138596 0.167171 
-0.0238742 0.170756 
-0.0396665 0.140903 
-0.0610319 0.106721 
-0.0864842 0.074861 
-0.113792 0.0475347 
-0.139281 0.0258443 
-0.152339 0.0101291 
-0.110541 -0.000397541 
0.0433319 -0.00788633 
0.144372 -0.0153312 
0.144688 -0.0253709 
0.120017 -0.039342 
0.0924486 -0.0572142 
0.0666437 -0.0780607 
0.0441159 -0.100336 
0.0256072 -0.120994 
0.0113181 -0.129634 
0.000685386 -0.0877529 
-0.00775312 0.0399016 
-0.0160245 0.122253 
-0.0259676 0.124814 
-0.0386044 0.105015 
-0.054035 0.0821705 
-0.0716706 0.0605227 
-0.0902841 0.0413178 
-0.106856 0.0250872 
-0.110742 0.0119295 
-0.0691664 0.0014059 
0.0353649 -0.00751144 
0.103784 -0.0162142 
0.109138 -0.0259928 
0.0935474 -0.0376303 
0.0743159 -0.0512824 
0.055718 -0.0665454 
0.038944 -0.0823055 
0.0244168 -0.0953727 
0.0121776 -0.0951465 
0.00187791 -0.0550276 
-0.00722225 0.0310652 
-0.0160972 0.0888433 
-0.0256651 0.0964166 
-0.0365222 0.0843629 
-0.0488254 0.068029 
-0.0622494 0.0517868 
-0.0756804 0.0368715 
-0.0857443 0.0236674 
-0.0822859 0.0121957 
-0.044414 0.0021808 
0.0273143 -0.00691918 
0.0767778 -0.0158003 
0.0858728 -0.0251251 
0.0767463 -0.0353434 
0.0628085 -0.04658 
0.048461 -0.0585196 
0.0350215 -0.0699927 
0.0228815 -0.0775066 
0.0120681 -0.0716551 
0.00236833 -0.0364042 
-0.00661967 0.0241182 
-0.0154019 0.066961 
-0.0244621 0.076993 
-0.034134 0.070265 
-0.0444928 0.0583457 
-0.055193 0.0455705 
-0.0649912 0.0333419 
-0.0703646 0.0220847 
-0.0628284 0.011849 
-0.030287 0.00247662 
0.0214048 -0.00633219 
0.0588892 -0.0149501 
0.06942 -0.0237324 
0.0646427 -0.0329194 
0.0544429 -0.0425293 
0.043004 -0.0521664 
0.0317969 -0.0605181 
0.0212925 -0.0641152 
0.0115733 -0.055457 
0.00253001 -0.0255492 
-0.00606034 0.0190926 
-0.014474 0.0521774 
-0.0229712 0.0628944 
-0.0317156 0.0596948 
-0.0406675 0.0509693 
-0.0493742 0.0406862 
-0.0564706 0.0303613 
-0.058609 0.0205139 
-0.0492599 0.0112636 
-0.021827 0.00254503 
0.0171094 -0.00580508 
0.0465351 -0.013991 
0.0572216 -0.0222002 
0.0552922 -0.0305327 
0.0478359 -0.0388931 
0.0385658 -0.0467736 
0.0290169 -0.0527784 
0.0197539 -0.0537309 
0.0109346 -0.0440132 
0.002533 -0.0188616 
-0.00556604 0.015396 
-0.0135111 0.0417429 
-0.0214327 0.0522523 
-0.0293767 0.0513411 
-0.0371965 0.0449802 
-0.0443364 0.0366061 
-0.0493914 0.02775 
-0.049389 0.0190151 
-0.0395392 0.0105958 
-0.0164676 0.00250176 
0.0139052 -0.00534219 
0.0376341 -0.0130403 
0.0478697 -0.0206766 
0.0477712 -0.028251 
0.0423572 -0.0355713 
0.0347813 -0.042043 
0.0265504 -0.0462722 
0.0182985 -0.0455083 
0.0102532 -0.0356968 
0.00245679 -0.0145109 
-0.00513225 0.0125995 
-0.0125815 0.0340805 
-0.0199365 0.0439809 
-0.0271576 0.0445277 
-0.0340131 0.0399334 
-0.0398794 0.0330719 
-0.0433912 0.0254103 
-0.0420269 0.0176041 
-0.0323743 0.00991094 
-0.0128928 0.00240199 
0.011449 -0.00493485 
0.0309832 -0.0121363 
0.0405115 -0.0192151 
0.0415675 -0.0260974 
0.0376831 -0.0325184 
0.0314635 -0.037835 
0.0243234 -0.0407246 
0.0169316 -0.0388927 
0.00957151 -0.0294822 
0.00234016 -0.0115403 
-0.00474871 0.0104296 
-0.0117051 0.0282644 
-0.0185135 0.037401 
-0.0250706 0.0388554 
-0.0310845 0.0355864 
