0.0005 0.01
0 0 
2.68112e-120 2.68112e-120 
3.05688e-45 3.05688e-45 
2.81115e-14 2.81115e-14 
0.685336 0.685336 
0.350069 0.350069 
0.0455724 0.0455724 
-0.00403263 -0.00403263 
-0.00365139 -0.00365139 
-0.00345969 -0.00345969 
-0.00332211 -0.00332211 
-0.00320722 -0.00320722 
-0.00310545 -0.00310545 
0.474729 0.474729 
0.321986 0.321986 
0.185458 0.185458 
0.0702604 0.0702604 
0.00221306 0.00221306 
-0.00525613 -0.00525613 
-0.00492519 -0.00492519 
-0.00469432 -0.00469432 
-0.00450664 -0.00450664 
0.0180944 0.0180944 
0.315814 0.315814 
0.229328 0.229328 
0.149312 0.149312 
0.0773659 0.0773659 
0.0205452 0.0205452 
-0.0041488 -0.0041488 
-0.00570835 -0.00570835 
-0.0054157 -0.0054157 
-0.00518931 -0.00518931 
0.312237 0.312237 
0.250005 0.250005 
0.189978 0.189978 
0.133327 0.133327 
0.0808059 0.0808059 
0.0350373 0.0350373 
0.00370818 0.00370818 
-0.0057333 -0.0057333 
-0.00592613 -0.00592613 
-0.00503592 -0.00503592 
0.26203 0.26203 
0.214147 0.214147 
0.168189 0.168189 
0.124292 0.124292 
0.082866 0.082866 
0.045104 0.045104 
0.0143698 0.0143698 
-0.00275976 -0.00275976 
-0.00619244 -0.00619244 
0.0139002 0.0139002 
0.230117 0.230117 
0.191582 0.191582 
0.154341 0.154341 
0.118484 0.118484 
0.0842522 0.0842522 
0.0522694 0.0522694 
0.0241463 0.0241463 
0.00360501 0.00360501 
-0.00524663 -0.00524663 
0.093243 0.093243 
0.208309 0.208309 
0.176071 0.176071 
0.144759 0.144759 
0.114436 0.114436 
0.0852564 0.0852564 
0.057576 0.057576 
0.032244 0.032244 
0.0112431 0.0112431 
-0.0019474 -0.0019474 
0.154245 0.154245 
0.192465 0.192465 
0.164753 0.164753 
0.137735 0.137735 
0.111458 0.111458 
0.0860232 0.0860232 
0.0616498 0.0616498 
0.0388224 0.0388224 
0.0186305 0.0186305 
0.00329645 0.00329645 
0.169233 0.169233 
0.180435 0.180435 
0.156132 0.156132 
0.132369 0.132369 
0.109179 0.109179 
0.0866332 0.0866332 
0.0648732 0.0648732 
0.0441942 0.0441942 
0.0252263 0.0252263 
0.00933569 0.00933569 
0.167828 0.167828 
0.170991 0.170991 
0.14935 0.14935 
0.128138 0.128138 
0.107383 0.107383 
0.0871342 0.0871342 
0.067488 0.067488 
0.0486336 0.0486336 
0.0309549 0.0309549 
0.0153599 0.0153599 
0.162254 0.162254 
0.163383 0.163383 
0.143876 0.143876 
0.124719 0.124719 
0.105933 0.105933 
0.0875552 0.0875552 
0.0696522 0.0696522 
0.0523509 0.0523509 
0.0358962 0.0358962 
0.0210022 0.0210022 
0.155962 0.155962 
0.157122 0.157122 
0.139366 0.139366 
0.1219 0.1219 
0.10474 0.10474 
0.0879148 0.0879148 
0.0714731 0.0714731 
0.0555025 0.0555025 
0.0401654 0.0401654 
0.0261498 0.0261498 
0.149938 0.149938 
0.151879 0.151879 
0.135587 0.135587 
0.119535 0.119535 
0.103741 0.103741 
0.0882261 0.0882261 
0.0730265 0.0730265 
0.0582047 0.0582047 
0.0438726 0.0438726 
0.0308028 0.0308028 
0.144453 0.144453 
0.147424 0.147424 
0.132373 0.132373 
0.117523 0.117523 
0.102892 0.102892 
0.0884981 0.0884981 
0.0743672 0.0743672 
0.0605453 0.0605453 
0.0471121 0.0471121 
0.0350025 0.0350025 
0.139551 0.139551 
0.143589 0.143589 
0.129606 0.129606 
0.11579 0.11579 
0.102163 0.102163 
0.088738 0.088738 
0.0755359 0.0755359 
0.062591 0.062591 
0.049962 0.049962 
0.0388007 0.0388007 
0.135201 0.135201 
0.140253 0.140253 
0.1272 0.1272 
0.114283 0.114283 
0.101529 0.101529 
0.0889511 0.0889511 
0.0765637 0.0765637 
0.0643934 0.0643934 
0.0524856 0.0524856 
0.0422477 0.0422477 
0.131348 0.131348 
0.137321 0.137321 
0.125088 0.125088 
0.112959 0.112959 
0.100974 0.100974 
0.0891416 0.0891416 
0.0774745 0.0774745 
0.065993 0.065993 
0.0547342 0.0547342 
0.045388 0.045388 
0.127934 0.127934 
0.134722 0.134722 
0.123219 0.123219 
0.111787 0.111787 
0.100483 0.100483 
0.0893129 0.0893129 
0.0782871 0.0782871 
0.0674218 0.0674218 
0.0567496 0.0567496 
0.0482596 0.0482596 
0.124905 0.124905 
0.1324 0.1324 
0.121553 0.121553 
0.110743 0.110743 
0.100046 0.100046 
0.0894677 0.0894677 
0.0790167 0.0790167 
0.0687056 0.0687056 
0.0585662 0.0585662 
0.0508945 0.0508945 
0.122211 0.122211 
0.130311 0.130311 
0.120059 0.120059 
0.109806 0.109806 
0.0996543 0.0996543 
0.0896084 0.0896084 
0.0796752 0.0796752 
0.0698652 0.0698652 
0.060212 0.060212 
0.0533196 0.0533196 
0.119809 0.119809 
0.12842 0.12842 
0.118711 0.118711 
0.108961 0.108961 
0.0993014 0.0993014 
0.0897366 0.0897366 
0.0802726 0.0802726 
0.0709178 0.0709178 
0.0617102 0.0617102 
0.0555577 0.0555577 
0.117663 0.117663 
0.126697 0.126697 
0.117489 0.117489 
0.108195 0.108195 
0.0989816 0.0989816 
0.0898541 0.0898541 
0.0808169 0.0808169 
0.0718773 0.0718773 
0.0630805 0.0630805 
0.0576282 0.0576282 
0.115739 0.115739 
0.125119 0.125119 
0.116376 0.116376 
0.107497 0.107497 
0.0986907 0.0986907 
0.089962 0.089962 
0.0813149 0.0813149 
0.0727556 0.0727556 
0.064339 0.064339 
0.0595474 0.0595474 
0.11401 0.11401 
0.123667 0.123667 
0.115357 0.115357 
0.106858 0.106858 
0.0984247 0.0984247 
0.0900615 0.0900615 
0.0817722 0.0817722 
0.0735626 0.0735626 
0.0654996 0.0654996 
0.0613298 0.0613298 
0.112453 0.112453 
0.122324 0.122324 
0.114422 0.114422 
0.106272 0.106272 
0.0981806 0.0981806 
0.0901534 0.0901534 
0.0821936 0.0821936 
0.0743065 0.0743065 
0.0665738 0.0665738 
0.0629877 0.0629877 
0.111046 0.111046 
0.121077 0.121077 
0.113559 0.113559 
0.105732 0.105732 
0.0979558 0.0979558 
0.0902387 0.0902387 
0.0825832 0.0825832 
0.0749946 0.0749946 
0.0675716 0.0675716 
0.0645321 0.0645321 
0.109771 0.109771 
0.119915 0.119915 
0.112762 0.112762 
0.105232 0.105232 
0.097748 0.097748 
0.0903179 0.0903179 
0.0829443 0.0829443 
0.0756329 0.0756329 
0.0685016 0.0685016 
0.0659727 0.0659727 
0.108614 0.108614 
0.118828 0.118828 
0.112021 0.112021 
0.104769 0.104769 
0.0975554 0.0975554 
0.0903917 0.0903917 
0.08328 0.08328 
0.0762266 0.0762266 
0.069371 0.069371 
0.067318 0.067318 
0.107561 0.107561 
0.117809 0.117809 
0.111331 0.111331 
0.104338 0.104338 
0.0973763 0.0973763 
0.0904605 0.0904605 
0.0835929 0.0835929 
0.0767804 0.0767804 
