0.0005 0.005
0 0 
7.32247e-145 7.32247e-145 
9.99001e-51 9.99001e-51 
3.4932e-15 3.4932e-15 
0.686015 0.686015 
0.351157 0.351157 
0.0465546 0.0465546 
-0.00401458 -0.00401458 
-0.00363467 -0.00363467 
-0.00344379 -0.00344379 
-0.00330713 -0.00330713 
-0.00319304 -0.00319304 
-0.00309183 -0.00309183 
0.475243 0.475243 
0.32267 0.32267 
0.186147 0.186147 
0.0709355 0.0709355 
0.00253297 0.00253297 
-0.00524068 -0.00524068 
-0.0049136 -0.0049136 
-0.00468349 -0.00468349 
-0.00449652 -0.00449652 
0.0186242 0.0186242 
0.316402 0.316402 
0.229917 0.229917 
0.149908 0.149908 
0.0779526 0.0779526 
0.0210126 0.0210126 
-0.00402084 -0.00402084 
-0.00569886 -0.00569886 
-0.00540816 -0.00540816 
-0.0051819 -0.0051819 
0.312554 0.312554 
0.250551 0.250551 
0.190527 0.190527 
0.133879 0.133879 
0.0813519 0.0813519 
0.0355304 0.0355304 
0.00400847 0.00400847 
-0.00568146 -0.00568146 
-0.00592056 -0.00592056 
-0.00509347 -0.00509347 
0.262546 0.262546 
0.214671 0.214671 
0.168715 0.168715 
0.12482 0.12482 
0.0833887 0.0833887 
0.0455983 0.0455983 
0.0147636 0.0147636 
-0.00258595 -0.00258595 
-0.00617165 -0.00617165 
0.0140483 0.0140483 
0.230625 0.230625 
0.192092 0.192092 
0.154852 0.154852 
0.118995 0.118995 
0.08476 0.08476 
0.0527597 0.0527597 
0.0245808 0.0245808 
0.00389619 0.00389619 
-0.00515593 -0.00515593 
0.0957265 0.0957265 
0.208807 0.208807 
0.176571 0.176571 
0.14526 0.14526 
0.114937 0.114937 
0.0857539 0.0857539 
0.0580619 0.0580619 
0.0326961 0.0326961 
0.011608 0.011608 
-0.00175168 -0.00175168 
0.155781 0.155781 
0.192956 0.192956 
0.165245 0.165245 
0.138228 0.138228 
0.111951 0.111951 
0.0865133 0.0865133 
0.0621316 0.0621316 
0.0392823 0.0392823 
0.0190362 0.0190362 
0.00358168 0.00358168 
0.169801 0.169801 
0.180921 0.180921 
0.156619 0.156619 
0.132856 0.132856 
0.109666 0.109666 
0.0871178 0.0871178 
0.0653517 0.0653517 
0.0446575 0.0446575 
0.0256545 0.0256545 
0.00967855 0.00967855 
0.168108 0.168108 
0.171473 0.171473 
0.149833 0.149833 
0.128621 0.128621 
0.107865 0.107865 
0.0876145 0.0876145 
0.0679636 0.0679636 
0.0490983 0.0490983 
0.0313958 0.0313958 
0.0157345 0.0157345 
0.16247 0.16247 
0.163861 0.163861 
0.144355 0.144355 
0.125198 0.125198 
0.106412 0.106412 
0.0880321 0.0880321 
0.0701254 0.0701254 
0.052816 0.052816 
0.0363445 0.0363445 
0.0213919 0.0213919 
0.156177 0.156177 
0.157598 0.157598 
0.139843 0.139843 
0.122376 0.122376 
0.105215 0.105215 
0.088389 0.088389 
0.0719443 0.0719443 
0.0559674 0.0559674 
0.040618 0.040618 
0.0265448 0.0265448 
0.150173 0.150173 
0.152352 0.152352 
0.13606 0.13606 
0.120008 0.120008 
0.104214 0.104214 
0.088698 0.088698 
0.0734959 0.0734959 
0.0586692 0.0586692 
0.0443278 0.0443278 
0.0311976 0.0311976 
0.144712 0.144712 
0.147894 0.147894 
0.132844 0.132844 
0.117994 0.117994 
0.103363 0.103363 
0.0889681 0.0889681 
0.074835 0.074835 
0.0610092 0.0610092 
0.0475688 0.0475688 
0.0353945 0.0353945 
0.139835 0.139835 
0.144057 0.144057 
0.130076 0.130076 
0.11626 0.11626 
0.102632 0.102632 
0.0892063 0.0892063 
0.0760024 0.0760024 
0.0630542 0.0630542 
0.0504194 0.0504194 
0.039189 0.039189 
0.135508 0.135508 
0.140717 0.140717 
0.127668 0.127668 
0.114751 0.114751 
0.101997 0.101997 
0.0894179 0.0894179 
0.0770289 0.0770289 
0.064856 0.064856 
0.0529433 0.0529433 
0.0426323 0.0426323 
0.131676 0.131676 
0.137783 0.137783 
0.125555 0.125555 
0.113426 0.113426 
0.10144 0.10144 
0.0896071 0.0896071 
0.0779387 0.0779387 
0.0664549 0.0664549 
0.0551918 0.0551918 
0.0457694 0.0457694 
0.12828 0.12828 
0.135182 0.135182 
0.123684 0.123684 
0.112253 0.112253 
0.100948 0.100948 
0.0897773 0.0897773 
0.0787504 0.0787504 
0.0678832 0.0678832 
0.057207 0.057207 
0.0486386 0.0486386 
0.125266 0.125266 
0.132857 0.132857 
0.122018 0.122018 
0.111207 0.111207 
0.10051 0.10051 
0.0899311 0.0899311 
0.0794791 0.0794791 
0.0691664 0.0691664 
0.0590231 0.0590231 
0.0512719 0.0512719 
0.122585 0.122585 
0.130766 0.130766 
0.120522 0.120522 
0.11027 0.11027 
0.100117 0.100117 
0.0900709 0.0900709 
0.0801369 0.0801369 
0.0703255 0.0703255 
0.0606683 0.0606683 
0.0536964 0.0536964 
0.120195 0.120195 
0.128872 0.128872 
0.119174 0.119174 
0.109424 0.109424 
0.0997637 0.0997637 
0.0901984 0.0901984 
0.0807336 0.0807336 
0.0713775 0.0713775 
0.0621659 0.0621659 
0.0559347 0.0559347 
0.118058 0.118058 
0.127147 0.127147 
0.117951 0.117951 
0.108657 0.108657 
0.0994432 0.0994432 
0.0903152 0.0903152 
0.0812773 0.0812773 
0.0723366 0.0723366 
0.0635354 0.0635354 
0.0580059 0.0580059 
0.116143 0.116143 
0.125567 0.125567 
0.116837 0.116837 
0.107958 0.107958 
0.0991517 0.0991517 
0.0904225 0.0904225 
0.0817748 0.0817748 
0.0732145 0.0732145 
0.0647931 0.0647931 
0.0599266 0.0599266 
0.114422 0.114422 
0.124113 0.124113 
0.115818 0.115818 
0.107319 0.107319 
0.0988852 0.0988852 
0.0905215 0.0905215 
0.0822317 0.0822317 
0.0740212 0.0740212 
0.0659528 0.0659528 
0.0617109 0.0617109 
0.11287 0.11287 
0.122768 0.122768 
0.114882 0.114882 
0.106733 0.106733 
0.0986407 0.0986407 
0.0906131 0.0906131 
0.0826528 0.0826528 
0.0747649 0.0747649 
0.0670262 0.0670262 
0.0633712 0.0633712 
0.111469 0.111469 
0.12152 0.12152 
0.114019 0.114019 
0.106192 0.106192 
0.0984156 0.0984156 
0.0906981 0.0906981 
0.0830422 0.0830422 
0.0754528 0.0754528 
0.0680233 0.0680233 
0.0649182 0.0649182 
0.110199 0.110199 
0.120356 0.120356 
0.113221 0.113221 
0.105692 0.105692 
0.0982076 0.0982076 
0.0907772 0.0907772 
0.0834032 0.0834032 
0.076091 0.076091 
0.0689525 0.0689525 
0.0663616 0.0663616 
0.109046 0.109046 
0.119268 0.119268 
0.11248 0.11248 
0.105229 0.105229 
0.0980149 0.0980149 
0.0908509 0.0908509 
0.0837389 0.0837389 
0.0766847 0.0766847 
0.0698213 0.0698213 
0.06771 0.06771 
0.107997 0.107997 
0.118247 0.118247 
0.11179 0.11179 
0.104798 0.104798 
0.0978359 0.0978359 
0.0909198 0.0909198 
0.0840518 0.0840518 
0.0772386 0.0772386 
