0.001 0.01
-3.27662e-180 3.51906e-180 
-1.58858e-05 3.36589e-05 
-0.0356255 0.00495103 
-0.000553044 -0.000571087 
0.00352377 -0.000908002 
0.0365602 -0.146972 
-0.000744337 -0.000729345 
-0.00108687 0.00680188 
-0.0856811 0.0551897 
-0.00313269 -0.000701108 
0.00681288 -0.00104621 
0.0654436 -0.0516847 
0.000695315 -0.0349031 
-0.000986681 0.00546719 
-0.0327075 0.071181 
-0.0796985 0.00455188 
0.00382109 -0.000945296 
0.0739529 -0.0213595 
0.010298 -0.0816727 
-0.000869971 0.000902936 
-0.0142596 0.0743233 
-0.0678506 0.0167732 
-0.0094758 -0.000563855 
0.0724181 -0.00969565 
0.023158 -0.0536038 
0.000279257 -0.0330626 
-0.00671466 0.068203 
-0.0417645 0.0290437 
-0.0552776 0.00188921 
0.0615627 -0.00473873 
0.0342676 -0.0323764 
0.00428883 -0.0622605 
-0.00337479 0.0517782 
-0.0250257 0.0387794 
-0.0588941 0.00732479 
0.0362638 -0.00231497 
0.0425632 -0.0192971 
0.0107723 -0.0519046 
-0.00130081 0.0118734 
-0.0148457 0.0455898 
-0.0443778 0.0144169 
-0.0167711 -0.000131123 
0.0477615 -0.0113905 
0.0180896 -0.0373795 
0.00131888 -0.0374724 
-0.00869516 0.048777 
-0.0312059 0.0216697 
-0.0460349 0.00309345 
0.0478092 -0.00655185 
0.0250751 -0.0258836 
0.00517227 -0.0466037 
-0.00477378 0.0430057 
-0.0213492 0.028246 
-0.0435169 0.00749606 
0.0316103 -0.00319727 
0.0311252 -0.0175114 
0.0099902 -0.0391318 
-0.00168873 0.0127872 
-0.014271 0.0336238 
-0.0345014 0.0125807 
-0.00832669 -0.000151046 
0.0355554 -0.0115277 
0.0152021 -0.030061 
0.00147503 -0.0241644 
-0.00918165 0.0365133 
-0.0259758 0.0177988 
-0.032238 0.00321514 
0.0356936 -0.00713617 
0.020322 -0.0222935 
0.00506933 -0.034557 
-0.00530132 0.0318026 
-0.0190095 0.0227207 
-0.0337115 0.00702091 
0.0235106 -0.00359815 
0.0249249 -0.016094 
0.00904411 -0.0313982 
-0.00196226 0.0109162 
-0.0135053 0.0268159 
-0.0285172 0.0111094 
-0.00320529 -0.00034574 
0.0281772 -0.0111955 
0.0131862 -0.025509 
0.00128295 -0.0149806 
-0.00911449 0.0286272 
-0.0225789 0.0152421 
-0.0224163 0.00294087 
0.0275621 -0.00721297 
0.0172401 -0.0198165 
0.00463344 -0.0258668 
-0.00544502 0.0242145 
-0.0172533 0.01913 
-0.0266025 0.00635745 
0.0180045 -0.00377028 
0.0208346 -0.014891 
0.00810359 -0.0257688 
-0.00215544 0.00920874 
-0.0127162 0.0222285 
-0.0241251 0.00985803 
-0.000648731 -0.000574842 
0.023109 -0.0107075 
0.0116026 -0.0221147 
0.000989571 -0.00947727 
-0.00883981 0.0231673 
-0.0199806 0.0133133 
-0.0158766 0.00254891 
0.0219873 -0.00708775 
0.0149563 -0.0178501 
0.00410829 -0.0196202 
-0.00542698 0.0191269 
-0.0157861 0.0164816 
-0.0212195 0.00566772 
0.0143394 -0.00383582 
0.0178124 -0.0138155 
0.00722269 -0.0213563 
-0.00229593 0.00788434 
-0.0119457 0.0188316 
-0.0205959 0.00876422 
0.000660242 -0.000792776 
0.0193673 -0.0101732 
0.010278 -0.0193282 
0.000684322 -0.00611476 
-0.0084888 0.0191851 
-0.017799 0.0117423 
-0.0114858 0.0021423 
0.0180055 -0.00688097 
0.0131248 -0.016155 
0.00358451 -0.015093 
-0.00533757 0.0155724 
-0.0144805 0.0143769 
-0.0170762 0.0050108 
0.0117864 -0.00384712 
0.0154272 -0.0128216 
0.00641733 -0.0178016 
-0.00239957 0.00685693 
-0.0112017 0.0161735 
-0.0176528 0.00779598 
0.00134966 -0.000986694 
0.0164768 -0.00963067 
0.00913318 -0.0169397 
0.000397611 -0.00397609 
-0.0081107 0.0161637 
-0.0158839 0.0104079 
-0.00846239 0.0017572 
0.0150471 -0.00663964 
0.011589 -0.0146329 
0.00309348 -0.011763 
-0.00521326 0.0129767 
-0.013281 0.012631 
-0.0138525 0.00440513 
0.00991971 -0.00382663 
0.0134702 -0.0118863 
0.00568766 -0.0149052 
-0.00247497 0.0060391 
-0.0104836 0.0140205 
-0.0151637 0.00693257 
0.00171117 -0.00115422 
0.0141722 -0.00909252 
0.00812618 -0.0148579 
0.000138529 -0.00256403 
-0.00772373 0.0137981 
-0.0141725 0.00924795 
-0.00632307 0.00140472 
0.0127723 -0.00638201 
0.0102683 -0.0132431 
0.00264397 -0.00927147 
-0.0050689 0.0110057 
-0.0121643 0.011146 
-0.0113187 0.00385364 
0.00849591 -0.00378418 
0.0118255 -0.0109994 
0.00502827 -0.0125295 
-0.00252691 0.00536961 
-0.00979019 0.0122358 
-0.0130474 0.00615877 
0.00188834 -0.00129612 
0.0122912 -0.00856313 
