0.0005 0.01
0 0 
-1.69346e-19 4.12155e-19 
-0.000413301 -0.000427686 
-0.000310567 -0.000312205 
-0.000283142 -0.000282221 
0.0055483 -0.168745 
-0.000489828 -0.000480525 
-0.00043484 -0.000431781 
-0.0710117 0.0290885 
-0.000573041 -0.000587017 
-0.000513298 -0.000518233 
0.046692 -0.0298509 
-0.000655291 -0.0117661 
-0.000574784 -0.000568064 
-0.0109184 0.0581294 
-0.127849 -0.000712752 
-0.00060959 -0.000617912 
0.0659312 -0.00336857 
-0.000672964 -0.0894321 
-0.000653534 -0.000643685 
-0.00115432 0.0715473 
-0.0624739 0.000647152 
-0.000679252 -0.000685068 
0.0757701 -0.000707611 
0.00504224 -0.0428099 
-0.000714522 -0.110072 
-0.000656185 0.0790562 
-0.0282184 0.0116373 
-0.0950776 -0.000743335 
0.0816839 -0.000668407 
0.0186887 -0.0174838 
-0.00077136 -0.0758373 
-0.000688869 0.083827 
-0.00993348 0.0253056 
-0.060168 -0.000759435 
0.0855853 -0.000722747 
0.0312254 -0.0051182 
-0.000380234 -0.0472444 
-0.000760915 0.0823787 
-0.00248761 0.0364531 
-0.0364845 0.00103968 
-0.0823515 -0.000794789 
0.0410563 -0.00132095 
0.00381226 -0.027502 
-0.000826459 -0.0701863 
-0.00091858 0.0451196 
-0.0200508 0.00758442 
-0.0591323 -0.000854276 
0.04872 -0.000817502 
0.011811 -0.0139817 
-0.000860724 -0.0494915 
-0.000809889 0.0519279 
-0.00921881 0.0161051 
-0.0410424 -0.000735127 
0.0547975 -0.000823345 
0.0202563 -0.00570566 
-0.000210158 -0.0336139 
-0.000842588 0.0527043 
-0.00335188 0.0241754 
-0.0270853 0.00101882 
-0.054477 -0.00086082 
0.0278285 -0.00196526 
0.00302679 -0.0213663 
-0.000880598 -0.050805 
-0.001272 0.0312184 
-0.0164069 0.00564674 
-0.0438868 -0.00089008 
0.0343541 -0.000981796 
0.00862113 -0.0121769 
-0.000853831 -0.037614 
-0.000887289 0.0372583 
-0.00867683 0.0117435 
-0.0319371 -0.000653606 
0.039935 -0.000866101 
0.0148696 -0.00590517 
-0.000112237 -0.0267966 
-0.000873028 0.038316 
-0.00385536 0.017924 
-0.0221583 0.000929227 
-0.0352137 -0.000884231 
0.0208584 -0.00246591 
0.00248975 -0.0179901 
-0.000897599 -0.0402729 
-0.00162972 0.0236592 
-0.0142857 0.00447961 
-0.0354288 -0.000889947 
0.0263137 -0.00118596 
0.00674936 -0.011038 
-0.000819854 -0.0308294 
-0.000988024 0.0288291 
-0.00826375 0.0091755 
-0.0265898 -0.00058409 
0.0311692 -0.000912166 
0.011654 -0.00596964 
-6.81494e-05 -0.0226832 
-0.000895872 0.0299069 
-0.00417071 0.0141282 
-0.0191025 0.000823074 
-0.0204326 -0.000896111 
0.0165506 -0.00284545 
0.00209112 -0.015832 
-0.000900792 -0.0333442 
-0.00195484 0.0189061 
-0.0128789 0.00368444 
-0.0300276 -0.000876499 
0.0211742 -0.00140945 
0.00550479 -0.010241 
-0.000782849 -0.0264293 
-0.00111814 0.0233564 
-0.00793867 0.00747305 
-0.0230609 -0.000534274 
0.0253772 -0.000978058 
0.00951027 -0.00597782 
-5.54113e-05 -0.01992 
-0.000926384 0.0243922 
-0.00437937 0.0115744 
-0.0170108 0.000717557 
-0.00996637 -0.000907621 
0.0136221 -0.00313537 
0.00177983 -0.0143229 
-0.000899203 -0.0280074 
-0.00223652 0.0156401 
-0.0118686 0.00310099 
-0.0262356 -0.000859284 
0.0176053 -0.00163123 
0.00461087 -0.00964578 
-0.000750286 -0.0233357 
-0.00126683 0.0195157 
-0.00767511 0.00625649 
-0.0205511 -0.000501068 
0.0212613 -0.00106444 
0.00797546 -0.00596029 
-6.05014e-05 -0.0179296 
-0.00097033 0.0204959 
-0.0045232 0.0097365 
-0.0154828 0.000618293 
-0.00319436 -0.000924962 
0.0115007 -0.00336049 
0.00152811 -0.0132025 
-0.000898606 -0.0233941 
-0.00247651 0.0132571 
-0.0111027 0.00265113 
-0.0233536 -0.000843445 
0.0149823 -0.00183998 
0.00393422 -0.00918073 
-0.000724316 -0.0210303 
-0.00142282 0.0166706 
-0.00745616 0.00534095 
-0.01867 -0.000480451 
0.0181858 -0.00116618 
0.00682039 -0.00593065 
-7.57557e-05 -0.0164236 
-0.00102822 0.0175959 
-0.00462537 0.00834917 
-0.014314 0.0005268 
0.000934328 -0.000951363 
0.00989237 -0.00353838 
0.00131924 -0.0123344 
-0.000902982 -0.019181 
-0.00268035 0.0114414 
-0.0104993 0.00229171 
-0.0209938 -0.000832132 
0.0129729 -0.0020312 
0.00340224 -0.00880524 
-0.000705479 -0.0192281 
-0.00157808 0.0144775 
-0.00727067 0.00462535 
-0.0172029 -0.00046934 
0.0158017 -0.00127721 
0.00591847 -0.00589547 
-9.68549e-05 -0.0152416 
-0.00109791 0.0153529 
-0.0046996 0.00726406 
-0.0133885 0.00044305 
0.00335583 -0.000987773 
0.0086307 -0.00368128 
0.00114247 -0.0116397 
-0.000914705 -0.0153165 
-0.002854 0.0100117 
-0.0100097 0.00199679 
-0.0189269 -0.000827302 
0.0113842 -0.00220401 
0.00297182 -0.00849437 
-0.000693908 -0.0177553 
-0.0017278 0.0127348 
-0.007111 0.00404963 
-0.0160205 -0.000465706 
0.0139008 -0.00139239 
0.00519398 -0.00585815 
-0.000121416 -0.0142867 
-0.00117638 0.013566 
-0.00475442 0.00639164 
-0.0126358 0.00036641 
0.00472382 -0.00103362 
0.00761429 -0.00379777 
0.000990432 -0.0110697 
-0.000934764 -0.0118535 
-0.00300272 0.00885675 
-0.00960317 0.00174968 
-0.0170191 -0.000830023 
0.0100964 -0.00235923 
0.00261565 -0.00823184 
-0.000689619 -0.0164981 
-0.00186942 0.0113163 
-0.00697172 0.0035758 
-0.0150391 -0.000468331 
0.0123511 -0.00150794 
0.00459879 -0.00582048 
-0.00014821 -0.0134966 
-0.00126061 0.012109 
-0.00479535 0.0056747 
-0.0120103 0.000296012 
0.00545148 -0.00108752 
0.00677782 -0.00389395 
0.000857891 -0.0105925 
-0.000963127 -0.00885091 
-0.00313092 0.00790413 
-0.00925942 0.00153911 
-0.0152002 -0.000840646 
0.00903128 -0.00249838 
0.00231555 -0.00800655 
-0.000692525 -0.0153785 
-0.00200183 0.0101393 
-0.00684889 0.0031786 
-0.0142007 -0.000476513 
0.0110648 -0.00162131 
0.00410085 -0.00578342 
-0.000176689 -0.0128286 
-0.00134803 0.010898 
-0.00482613 0.0050749 
-0.0114807 0.000230906 
0.00579069 -0.00114778 
0.00607733 -0.00397426 
0.000740939 -0.0101863 
-0.000999101 -0.00633034 
-0.00324213 0.00710496 
-0.00896428 0.00135714 
-0.0134433 -0.000858981 
0.00813567 -0.00262316 
0.00205889 -0.00781065 
-0.000702398 -0.0143427 
-0.0021248 0.00914696 
-0.00673954 0.00284054 
-0.0134634 -0.00048983 
0.00998095 -0.00173088 
0.00367792 -0.00574748 
-0.000206696 -0.0122522 
-0.00143662 0.00987556 
-0.00484932 0.00456559 
-0.011025 0.000170143 
0.00589392 -0.00121271 
0.00548212 -0.00404198 
0.000636563 -0.00983558 
-0.00104165 -0.00427214 
-0.00333922 0.00642491 
-0.00870761 0.00119794 
-0.011749 -0.000884466 
0.00737204 -0.00273526 
0.00183657 -0.00763838 
-0.000718864 -0.0133546 
-0.00223857 0.00829915 
-0.00664139 0.00254912 
-0.0127958 -0.000507979 
0.00905594 -0.00183573 
0.00331412 -0.00571291 
-0.000238262 -0.0117445 
-0.00152486 0.00900087 
-0.00486675 0.00412768 
-0.0106269 0.000112826 
0.00585404 -0.00128079 
0.0049701 -0.00409958 
0.000542376 -0.00952881 
-0.00108959 -0.00262823 
-0.00342449 0.0058392 
-0.00848187 0.00105712 
-0.0101332 -0.000916316 
0.00671323 -0.00283619 
0.00164188 -0.00748542 
-0.000741414 -0.0123916 
-0.00234363 0.00756664 
-0.00655267 0.00229514 
-0.0121744 -0.000530679 
0.00825786 -0.00193539 
0.00299775 -0.00567981 
-0.000271492 -0.0112878 
-0.00161166 0.00824406 
-0.00487974 0.0037471 
-0.0102736 5.81386e-05 
0.00572819 -0.00135074 
0.00452496 -0.00414895 
0.000456445 -0.00925726 
-0.00114178 -0.00133772 
-0.00349979 0.00532947 
-0.00828131 0.0009313 
-0.00861664 -0.000953638 
0.0061391 -0.00292732 
0.0014697 -0.00734844 
-0.000769446 -0.0114417 
-0.00244061 0.00692761 
-0.00647196 0.00207164 
-0.0115813 -0.000557621 
0.00756273 -0.0020297 
0.00272002 -0.0056482 
-0.000306482 -0.0108682 
-0.00169629 0.00758283 
-0.00488927 0.00341323 
-0.00995526 5.37391e-06 
0.00555198 -0.00142151 
0.00413441 -0.00419154 
0.000377189 -0.00901403 
-0.00119714 -0.000338505 
-0.00356664 0.00488187 
-0.00810143 0.00081777 
-0.00721807 -0.000995524 
0.00563435 -0.00300986 
0.00131604 -0.00722478 
-0.0008023 -0.0105012 
-0.00253016 0.00636544 
-0.0063981 0.00187328 
-0.0110035 -0.00058846 
0.00695223 -0.0021187 
0.00247416 -0.00561805 
-0.000343287 -0.0104744 
-0.00177824 0.00700019 
-0.00489608 0.00311795 
-0.0096637 -4.60608e-05 
0.00534779 -0.00149226 
0.00378899 -0.0042285 
0.000303308 -0.00879354 
-0.00125474 0.000426097 
-0.00362627 0.0044857 
-0.00793857 0.00071437 
-0.00595062 -0.0010411 
0.00518719 -0.00308482 
0.00117776 -0.00711232 
-0.000839305 -0.00957236 
-0.00261291 0.00586723 
-0.00633012 0.00169582 
-0.010432 -0.000622811 
0.00641209 -0.00220256 
0.00225487 -0.00558928 
-0.000381904 -0.0100973 
-0.00185724 0.00648294 
-0.00490071 0.00285487 
-0.00939219 -9.6641e-05 
0.00512979 -0.00156238 
0.00348128 -0.00426074 
0.000233736 -0.00859114 
-0.00131376 0.00100457 
-0.00367969 0.00413262 
-0.00778972 0.00061934 
-0.00482032 -0.00108956 
0.00478837 -0.00315312 
0.00105231 -0.00700927 
-0.000879799 -0.00866132 
-0.00268949 0.00542285 
-0.00626721 0.00153592 
-0.00986105 -0.00066027 
0.00593106 -0.00228151 
0.00205792 -0.00556179 
-0.000422272 -0.00972979 
-0.00193311 0.00602071 
-0.00490358 0.00261894 
-0.00913506 -0.000146732 
0.00490698 -0.00163138 
0.00320542 -0.00428899 
0.000167603 -0.00840289 
-0.00137354 0.00143679 
-0.00372774 0.00381595 
-0.00765231 0.000531239 
-0.00382663 -0.00114018 
0.00443053 -0.00321553 
0.000937633 -0.00691411 
-0.000923156 -0.00777625 
-0.00276046 0.00502416 
-0.00620866 0.00139083 
-0.00928799 -0.00070042 
0.00550015 -0.0023558 
0.00187992 -0.00553549 
-0.000464279 -0.00936619 
-0.00200581 0.0056052 
-0.00490502 0.00240607 
-0.00888754 -0.000196599 
0.00468503 -0.00169892 
0.00295667 -0.00431383 
0.000104208 -0.00822541 
-0.00143354 0.00175475 
-0.00377113 0.00353037 
-0.0075241 0.000448883 
-0.00296377 -0.00119235 
0.0041077 -0.00327272 
0.000832023 -0.00682553 
-0.000968802 -0.00692583 
-0.00282634 0.00466459 
-0.00615382 0.00125832 
-0.0087124 -0.00074285 
0.00511206 -0.00242574 
0.00171808 -0.00551024 
