0.0005 0.005
-3.08642e-272 3.24433e-272 
-5.10703e-20 7.41492e-20 
-1.62307e-07 4.10146e-07 
-0.00234597 0.017942 
-0.0809534 0.556366 
-0.287926 0.276301 
-0.43364 0.0703798 
-0.201689 -0.000500728 
-0.0213826 -0.00864108 
-0.00783143 -0.00693632 
-0.00606787 -0.00545162 
0.00117069 -0.00471596 
0.134189 -0.00809488 
0.325023 -0.0293778 
0.244976 -0.0810337 
0.142673 -0.155118 
0.0649176 -0.230667 
0.0179593 -0.26654 
-0.00205255 -0.183134 
-0.00672977 -0.0524146 
-0.00671154 0.000724371 
-0.00793002 0.10439 
-0.0160014 0.241976 
-0.0369321 0.226552 
-0.0721548 0.165022 
-0.11745 0.105571 
-0.165478 0.0574685 
-0.203837 0.0236484 
-0.203994 0.00417115 
-0.124514 -0.00429225 
0.0261237 -0.0074483 
0.175094 -0.0112996 
0.206408 -0.0208731 
0.172838 -0.0390269 
0.128313 -0.0656213 
0.0866859 -0.0982397 
0.0518174 -0.133194 
0.0254137 -0.164688 
0.00790917 -0.178903 
-0.00205364 -0.1315 
-0.00781816 0.0429612 
-0.0137878 0.168768 
-0.0237262 0.171392 
-0.0394614 0.141146 
-0.0607986 0.106808 
-0.0862533 0.0748686 
-0.113598 0.047494 
-0.139176 0.025776 
-0.1524 0.0100569 
-0.110379 -0.000444164 
0.0451187 -0.00787862 
0.145686 -0.0152526 
0.14519 -0.0252239 
0.120221 -0.0391444 
0.0925322 -0.0569901 
0.0666622 -0.0778351 
0.0440927 -0.100138 
0.0255596 -0.120868 
0.0112673 -0.129607 
0.000657693 -0.0873427 
-0.00773216 0.0415766 
-0.0159406 0.123421 
-0.0258228 0.125274 
-0.0384136 0.105208 
-0.0538183 0.082257 
-0.0714501 0.0605522 
-0.0900863 0.0413109 
-0.106717 0.0250597 
-0.11064 0.0119003 
-0.068606 0.0013979 
0.0368854 -0.0074769 
0.104864 -0.0161249 
0.109593 -0.0258499 
0.0937443 -0.0374453 
0.0744096 -0.0510725 
0.0557589 -0.0663304 
0.0389527 -0.0821098 
0.0244083 -0.0952216 
0.0121691 -0.0949807 
0.0018887 -0.0543875 
-0.00717455 0.0324407 
-0.0160024 0.0898592 
-0.0255232 0.0968808 
-0.0363422 0.0845721 
-0.0486218 0.0681332 
-0.0620403 0.0518397 
-0.0754877 0.0368952 
-0.0855821 0.0236769 
-0.0820675 0.0122063 
-0.0437382 0.00220892 
0.0285642 -0.00685911 
0.0777404 -0.0156997 
0.0863501 -0.0249834 
0.0769723 -0.0351676 
0.0629258 -0.0463825 
0.0485266 -0.0583168 
0.0350598 -0.0698032 
0.0229077 -0.0773336 
0.0120961 -0.0713952 
0.00241215 -0.0357185 
-0.00654816 0.0252616 
-0.0152955 0.0678763 
-0.0243199 0.077483 
-0.0339616 0.0705096 
-0.0443009 0.0584778 
-0.0549961 0.0456496 
-0.0648044 0.0333944 
-0.070181 0.0221265 
-0.0625365 0.0118928 
-0.0296063 0.00253459 
0.0224578 -0.00625017 
0.0597614 -0.014838 
0.0699204 -0.0235892 
0.0649064 -0.0327497 
0.0545909 -0.0423425 
0.0430969 -0.0519751 
0.0318634 -0.0603335 
0.0213487 -0.0639216 
0.0116315 -0.0551414 
0.00260074 -0.024882 
-0.00596869 0.0200685 
-0.0143563 0.0530101 
-0.0228267 0.0634023 
-0.0315482 0.0599768 
-0.0404852 0.0511338 
-0.0491878 0.0407935 
-0.0562873 0.0304414 
-0.0584063 0.0205837 
-0.0489273 0.011335 
-0.0211776 0.00262729 
0.018019 -0.00570465 
0.0473315 -0.0138681 
0.0577345 -0.0220541 
0.0555913 -0.0303669 
0.0480168 -0.0387146 
0.0386874 -0.0465916 
0.0291102 -0.0525959 
0.0198365 -0.05352 
0.011018 -0.043669 
0.00262573 -0.0182323 
-0.0054576 0.0162482 
-0.0133833 0.0425059 
-0.021285 0.0527679 
-0.0292122 0.0516558 
-0.0370213 0.0451773 
-0.0441578 0.036742 
-0.049209 0.0278562 
-0.0491711 0.0191097 
-0.0391876 0.0106902 
-0.0158592 0.00260403 
0.0147073 -0.00522641 
0.0383662 -0.0129079 
0.0483858 -0.0205272 
0.0480998 -0.0280875 
0.0425698 -0.035399 
0.0349311 -0.0418672 
0.0266692 -0.0460894 
0.0184045 -0.0452844 
0.0103579 -0.0353411 
0.00256783 -0.0139232 
-0.00500973 0.0133575 
-0.0124448 0.0347843 
-0.0197855 0.0444961 
-0.0269947 0.0448686 
-0.033843 0.0401606 
-0.0397057 0.0332353 
-0.0432077 0.0255412 
-0.0417979 0.0177209 
-0.0320168 0.0100252 
-0.0123252 0.00252111 
0.0121679 -0.00480614 
0.0316609 -0.0119956 
0.0410244 -0.0190624 
0.041919 -0.025935 
0.0379242 -0.0323501 
0.0316401 -0.0376629 
0.024466 -0.0405401 
0.0170588 -0.0386595 
0.00969476 -0.0291249 
0.00246677 -0.010992 
-0.00461428 0.0111138 
-0.0115607 0.028918 
-0.0183591 0.0379106 
-0.0249085 0.0392161 
-0.0309176 0.0358402 
