0.001 0.01
0 0 
3.99756e-112 3.99756e-112 
5.90895e-43 5.90895e-43 
1.12813e-13 1.12813e-13 
0.684139 0.684139 
0.349485 0.349485 
0.0464799 0.0464799 
-0.00389588 -0.00389588 
-0.00350769 -0.00350769 
-0.00331032 -0.00331032 
-0.00317089 -0.00317089 
-0.0030567 -0.0030567 
-0.00295713 -0.00295713 
0.473133 0.473133 
0.321333 0.321333 
0.185107 0.185107 
0.0703887 0.0703887 
0.00272349 0.00272349 
-0.00502021 -0.00502021 
-0.00469152 -0.00469152 
-0.00446098 -0.00446098 
-0.0042764 -0.0042764 
0.0113793 0.0113793 
0.315008 0.315008 
0.228638 0.228638 
0.148776 0.148776 
0.077102 0.077102 
0.0207505 0.0207505 
-0.00377485 -0.00377485 
-0.00543165 -0.00543165 
-0.00514185 -0.00514185 
-0.00491839 -0.00491839 
0.309442 0.309442 
0.249148 0.249148 
0.189193 0.189193 
0.132646 0.132646 
0.0803058 0.0803058 
0.03487 0.03487 
0.00397331 0.00397331 
-0.00539651 -0.00539651 
-0.00562516 -0.00562516 
-0.0048476 -0.0048476 
0.261034 0.261034 
0.213225 0.213225 
0.16732 0.16732 
0.123501 0.123501 
0.0822049 0.0822049 
0.0446752 0.0446752 
0.0143274 0.0143274 
-0.00245301 -0.00245301 
-0.00585991 -0.00585991 
0.0087126 0.0087126 
0.229099 0.229099 
0.1906 0.1906 
0.153401 0.153401 
0.117606 0.117606 
0.0834729 0.0834729 
0.0516582 0.0516582 
0.0238262 0.0238262 
0.00369193 0.00369193 
-0.0049145 -0.0049145 
0.0692476 0.0692476 
0.207247 0.207247 
0.175037 0.175037 
0.14376 0.14376 
0.113488 0.113488 
0.0843858 0.0843858 
0.0568318 0.0568318 
0.0317149 0.0317149 
0.011059 0.011059 
-0.00174939 -0.00174939 
0.129714 0.129714 
0.191362 0.191362 
0.163674 0.163674 
0.136687 0.136687 
0.110452 0.110452 
0.0850793 0.0850793 
0.0608041 0.0608041 
0.0381383 0.0381383 
0.0182135 0.0182135 
0.00326067 0.00326067 
0.152012 0.152012 
0.179295 0.179295 
0.155014 0.155014 
0.131277 0.131277 
0.108123 0.108123 
0.0856287 0.0856287 
0.063947 0.063947 
0.0433923 0.0433923 
0.0246281 0.0246281 
0.00906053 0.00906053 
0.155104 0.155104 
0.169819 0.169819 
0.148197 0.148197 
0.127008 0.127008 
0.106284 0.106284 
0.0860783 0.0860783 
0.0664959 0.0664959 
0.0477396 0.0477396 
0.0302176 0.0302176 
0.0148842 0.0148842 
0.151923 0.151923 
0.162181 0.162181 
0.142692 0.142692 
0.123556 0.123556 
0.104796 0.104796 
0.0864552 0.0864552 
0.0686051 0.0686051 
0.0513829 0.0513829 
0.035051 0.035051 
0.02037 0.02037 
0.147008 0.147008 
0.155892 0.155892 
0.138155 0.138155 
0.120706 0.120706 
0.10357 0.10357 
0.0867767 0.0867767 
0.0703796 0.0703796 
0.0544738 0.0544738 
0.0392348 0.0392348 
0.0253978 0.0253978 
0.141871 0.141871 
0.150623 0.150623 
0.13435 0.13435 
0.118314 0.118314 
0.102541 0.102541 
0.0870545 0.0870545 
0.0718931 0.0718931 
0.0571254 0.0571254 
0.042873 0.042873 
0.0299585 0.0299585 
0.137022 0.137022 
0.146143 0.146143 
0.131114 0.131114 
0.116278 0.116278 
0.101667 0.101667 
0.0872971 0.0872971 
0.0731991 0.0731991 
0.059423 0.059423 
0.0460559 0.0460559 
0.0340861 0.0340861 
0.132614 0.132614 
0.142284 0.142284 
0.128327 0.128327 
0.114525 0.114525 
0.100914 0.100914 
0.087511 0.087511 
0.0743376 0.0743376 
0.0614318 0.0614318 
0.0488587 0.0488587 
0.0378271 0.0378271 
0.128673 0.128673 
0.138922 0.138922 
0.125903 0.125903 
0.112998 0.112998 
0.10026 0.10026 
0.0877008 0.0877008 
0.0753387 0.0753387 
0.0632023 0.0632023 
0.0513424 0.0513424 
0.0412275 0.0412275 
0.125173 0.125173 
0.135965 0.135965 
0.123774 0.123774 
0.111657 0.111657 
0.0996855 0.0996855 
0.0878705 0.0878705 
0.0762258 0.0762258 
0.0647739 0.0647739 
0.0535571 0.0535571 
0.0443292 0.0443292 
0.122072 0.122072 
0.133341 0.133341 
0.12189 0.12189 
0.110469 0.110469 
0.0991774 0.0991774 
0.088023 0.088023 
0.0770173 0.0770173 
0.0661781 0.0661781 
0.0555436 0.0555436 
0.0471681 0.0471681 
0.119324 0.119324 
0.130993 0.130993 
0.12021 0.12021 
0.10941 0.10941 
0.0987248 0.0987248 
0.0881609 0.0881609 
0.0777279 0.0777279 
0.0674399 0.0674399 
0.0573351 0.0573351 
0.0497748 0.0497748 
0.116886 0.116886 
0.128877 0.128877 
0.118703 0.118703 
0.10846 0.10846 
0.0983189 0.0983189 
0.088286 0.088286 
0.0783692 0.0783692 
0.0685799 0.0685799 
0.0589593 0.0589593 
0.0521752 0.0521752 
0.114719 0.114719 
0.126958 0.126958 
0.117344 0.117344 
0.107603 0.107603 
0.097953 0.097953 
0.0884002 0.0884002 
0.0789509 0.0789509 
0.0696148 0.0696148 
0.0604389 0.0604389 
0.0543913 0.0543913 
0.112787 0.112787 
0.125206 0.125206 
0.116111 0.116111 
0.106825 0.106825 
0.0976213 0.0976213 
0.0885047 0.0885047 
0.079481 0.079481 
0.0705583 0.0705583 
0.061793 0.061793 
0.0564418 0.0564418 
0.111062 0.111062 
0.123599 0.123599 
0.114987 0.114987 
0.106117 0.106117 
0.0973192 0.0973192 
0.0886007 0.0886007 
0.0799659 0.0799659 
0.0714222 0.0714222 
0.0630376 0.0630376 
0.0583429 0.0583429 
0.109516 0.109516 
0.122116 0.122116 
0.113958 0.113958 
0.105469 0.105469 
0.097043 0.097043 
0.0886892 0.0886892 
0.0804112 0.0804112 
0.0722159 0.0722159 
0.0641861 0.0641861 
0.0601086 0.0601086 
0.108128 0.108128 
0.120744 0.120744 
0.113013 0.113013 
0.104874 0.104874 
0.0967894 0.0967894 
0.0887709 0.0887709 
0.0808216 0.0808216 
0.0729479 0.0729479 
0.0652501 0.0652501 
0.061751 0.061751 
0.106877 0.106877 
0.119467 0.119467 
0.112141 0.112141 
0.104325 0.104325 
0.0965557 0.0965557 
0.0888467 0.0888467 
0.0812009 0.0812009 
0.073625 0.073625 
0.0662391 0.0662391 
0.0632809 0.0632809 
0.105747 0.105747 
0.118275 0.118275 
0.111334 0.111334 
0.103817 0.103817 
0.0963397 0.0963397 
0.0889171 0.0889171 
0.0815526 0.0815526 
0.0742532 0.0742532 
0.0671617 0.0671617 
0.0647078 0.0647078 
0.104725 0.104725 
0.117159 0.117159 
0.110585 0.110585 
0.103347 0.103347 
0.0961394 0.0961394 
0.0889827 0.0889827 
0.0818795 0.0818795 
0.0748378 0.0748378 
