0.0005 0.01
-2.21096e-258 2.34179e-258 
-8.71766e-19 1.31477e-18 
-3.077e-06 1.03491e-05 
-0.0160714 0.265744 
-0.188304 0.289764 
-0.387981 0.0589922 
-0.147527 -0.00581623 
-0.00918305 -0.00751845 
-0.00567514 -0.00549164 
-0.00412129 -0.00426745 
0.0682734 -0.0048036 
0.28345 -0.0205403 
0.182247 -0.0734215 
0.0848203 -0.153585 
0.0226638 -0.228693 
-0.00263897 -0.205314 
-0.00668383 -0.0470214 
-0.00580387 0.00240288 
-0.00668961 0.143373 
-0.0167669 0.21432 
-0.0444074 0.152842 
-0.0882951 0.0901622 
-0.139572 0.0413313 
-0.183303 0.0105084 
-0.173327 -0.00303507 
-0.0437701 -0.00622298 
0.141958 -0.00754792 
0.180097 -0.0140951 
0.137993 -0.0310463 
0.0918026 -0.0589229 
0.0523013 -0.0941328 
0.0226506 -0.131254 
0.00434525 -0.159263 
-0.00405544 -0.127026 
-0.00751306 0.0882411 
-0.012427 0.15761 
-0.0236704 0.128592 
-0.0427146 0.0922946 
-0.0680716 0.0593262 
-0.0969199 0.0322451 
-0.124912 0.0125471 
-0.133494 0.000523949 
-0.00995141 -0.00584691 
0.131273 -0.0108809 
0.121429 -0.0190616 
0.0923462 -0.032687 
0.0642002 -0.0515543 
0.0397353 -0.0740932 
0.020211 -0.0979004 
0.00630148 -0.11515 
-0.00255465 -0.0718065 
-0.00873229 0.0824135 
-0.0156634 0.11289 
-0.0259612 0.0919757 
-0.0403718 0.0677446 
-0.0582107 0.0456474 
-0.0779938 0.0269396 
-0.09575 0.0123094 
-0.0878407 0.00178877 
0.0170718 -0.00575406 
0.0963324 -0.0125772 
0.0904181 -0.0210304 
0.0703071 -0.0324058 
0.0503757 -0.0467307 
0.0327201 -0.0631613 
0.0180436 -0.0794249 
0.0065915 -0.0845142 
-0.00209394 -0.0323302 
-0.00935149 0.0653305 
-0.0169828 0.0855251 
-0.0264071 0.0717964 
-0.0381462 0.0541596 
-0.0518783 0.037654 
-0.0662608 0.0233002 
-0.0756905 0.0114447 
-0.0554097 0.00196928 
0.0243436 -0.00585931 
0.0738061 -0.0132844 
0.0714905 -0.0215702 
0.0570393 -0.0314825 
0.0418415 -0.0430989 
0.0280244 -0.0556841 
0.0161151 -0.0661757 
0.00617896 -0.0616002 
-0.00215029 -0.0117772 
-0.00967106 0.0528219 
-0.0173777 0.0678813 
-0.026073 0.0587605 
-0.0360879 0.0453142 
-0.0471116 0.0322168 
-0.0574149 0.0204865 
-0.0600062 0.0103501 
-0.0342549 0.00166494 
0.0252999 -0.00605201 
0.0590301 -0.0135221 
0.0586688 -0.0214603 
0.0479705 -0.0303138 
0.0358735 -0.040057 
0.0245054 -0.0497299 
0.0143655 -0.0554236 
0.00547695 -0.0445872 
-0.00242787 -0.00122077 
-0.00984204 0.0439364 
-0.017343 0.0557135 
-0.0253915 0.0495085 
-0.0341328 0.0389374 
-0.0430754 0.0281391 
-0.0499756 0.0181555 
-0.0474106 0.00919981 
-0.0207239 0.00116396 
0.0242967 -0.00626913 
0.0487679 -0.0135351 
0.0493853 -0.0210491 
0.0412537 -0.029038 
0.0313404 -0.0372973 
0.0216738 -0.0445291 
0.0127722 -0.0463275 
0.00467869 -0.0321368 
-0.00278603 0.00431961 
-0.00993197 0.0374028 
-0.0171027 0.0468679 
-0.0245456 0.0425327 
-0.0322252 0.0340173 
-0.0394011 0.0248763 
-0.0434269 0.0161495 
-0.0373316 0.00807612 
-0.0120094 0.000600327 
0.0227199 -0.00648086 
0.0412724 -0.0134338 
0.0423417 -0.0204904 
0.0360047 -0.0277056 
0.0276996 -0.0346738 
0.0192919 -0.0397896 
0.0113223 -0.0385864 
0.00387369 -0.0230704 
-0.00315993 0.00725862 
-0.00997075 0.032415 
-0.0167567 0.0401637 
-0.0236131 0.0370473 
-0.0303344 0.0300417 
-0.0359429 0.0221523 
-0.0375961 0.0143859 
-0.0293226 0.00701503 
-0.0063064 3.57538e-05 
0.0210432 -0.00667289 
0.0355673 -0.0132668 
0.0368055 -0.0198509 
0.031747 -0.0263364 
0.0246633 -0.0321294 
0.0172319 -0.0354173 
0.0100037 -0.032031 
0.00310215 -0.0164473 
-0.00351937 0.00878738 
-0.00997076 0.0284809 
-0.0163482 0.034909 
-0.0226273 0.0325987 
-0.0284509 0.0267257 
-0.0326576 0.0198139 
-0.0324185 0.0128155 
-0.0229825 0.0060298 
-0.00251098 -0.000501583 
0.0194316 -0.00683769 
0.0310772 -0.0130547 
0.0323313 -0.0191599 
0.0281997 -0.0249416 
0.0220662 -0.0296519 
0.0154186 -0.0313907 
0.00880439 -0.0265144 
0.00238107 -0.0115724 
-0.00384995 0.00952015 
-0.00993631 0.0252917 
-0.0158957 0.0306758 
-0.0216045 0.028905 
