0.0005 0.01
6.5456e-252 6.5456e-252 
9.80675e-05 9.80675e-05 
0.0361976 0.0361976 
-0.00372382 -0.00372382 
0.0591906 0.0591906 
0.111335 0.111335 
-0.00517156 -0.00517156 
0.0908628 0.0908628 
0.139943 0.139943 
0.000953121 0.000953121 
0.0457713 0.0457713 
0.154429 0.154429 
0.0223109 0.0223109 
0.0119617 0.0119617 
0.163154 0.163154 
0.0464459 0.0464459 
0.000653029 0.000653029 
0.168963 0.168963 
0.0669276 0.0669276 
0.00453295 0.00453295 
0.172949 0.172949 
0.0832944 0.0832944 
0.0164281 0.0164281 
0.174908 0.174908 
0.0963454 0.0963454 
0.0307149 0.0307149 
0.171073 0.171073 
0.106885 0.106885 
0.0446005 0.0446005 
0.148295 0.148295 
0.115525 0.115525 
0.0571426 0.0571426 
0.0988345 0.0988345 
0.122695 0.122695 
0.068183 0.068183 
0.058501 0.058501 
0.128624 0.128624 
0.0778322 0.0778322 
0.0460852 0.0460852 
0.133195 0.133195 
0.0862703 0.0862703 
0.0479963 0.0479963 
0.135442 0.135442 
0.0936754 0.0936754 
0.054391 0.054391 
0.132689 0.132689 
0.100199 0.100199 
0.0617302 0.0617302 
0.120937 0.120937 
0.105947 0.105947 
0.0689128 0.0689128 
0.100521 0.100521 
0.110951 0.110951 
0.075621 0.075621 
0.0807638 0.0807638 
0.115091 0.115091 
0.0817877 0.0817877 
0.0695841 0.0695841 
0.117963 0.117963 
0.0874254 0.0874254 
0.0664352 0.0664352 
0.118699 0.118699 
0.092565 0.092565 
0.0678316 0.0678316 
0.115998 0.115998 
0.097226 0.097226 
0.0712669 0.0712669 
0.108921 0.108921 
0.101392 0.101392 
0.0754601 0.0754601 
0.0984966 0.0984966 
0.104978 0.104978 
0.0798251 0.0798251 
0.0880365 0.0880365 
0.107783 0.107783 
0.0841026 0.0841026 
0.0806127 0.0806127 
0.109447 0.109447 
0.0881759 0.0881759 
0.0770268 0.0770268 
0.109456 0.109456 
