0.001 0.01
2.45777e-180 2.45777e-180 
0.000151222 0.000151222 
0.0374996 0.0374996 
-0.00359216 -0.00359216 
0.0556107 0.0556107 
0.111753 0.111753 
-0.00493014 -0.00493014 
0.0804358 0.0804358 
0.139803 0.139803 
0.001547 0.001547 
0.0409525 0.0409525 
0.153981 0.153981 
0.022778 0.022778 
0.011335 0.011335 
0.162506 0.162506 
0.0465176 0.0465176 
0.00118519 0.00118519 
0.168145 0.168145 
0.066668 0.066668 
0.00509103 0.00509103 
0.171876 0.171876 
0.0827958 0.0827958 
0.0166838 0.0166838 
0.173114 0.173114 
0.0956739 0.0956739 
0.0306392 0.0306392 
0.167075 0.167075 
0.106083 0.106083 
0.044254 0.044254 
0.140696 0.140696 
0.114618 0.114618 
0.0565904 0.0565904 
0.0924032 0.0924032 
0.121682 0.121682 
0.0674754 0.0674754 
0.0565587 0.0565587 
0.127455 0.127455 
0.0770052 0.0770052 
0.045761 0.045761 
0.131688 0.131688 
0.0853488 0.0853488 
0.0477213 0.0477213 
0.133184 0.133184 
0.0926754 0.0926754 
0.0538896 0.0538896 
0.129137 0.129137 
0.0991259 0.0991259 
0.0610277 0.0610277 
0.116285 0.116285 
0.10479 0.10479 
0.0680633 0.0680633 
0.096452 0.096452 
0.109667 0.109667 
0.0746646 0.0746646 
0.0784951 0.0784951 
0.113581 0.113581 
0.0807497 0.0807497 
0.0685645 0.0685645 
0.116055 0.116055 
0.0863195 0.0863195 
0.0658068 0.0658068 
0.116187 0.116187 
0.0913936 0.0913936 
0.0671844 0.0671844 
0.112822 0.112822 
0.0959778 0.0959778 
0.0704903 0.0704903 
0.105445 0.105445 
0.100036 0.100036 
0.0745513 0.0745513 
0.095451 0.095451 
0.103457 0.103457 
0.0788057 0.0788057 
0.0859015 0.0859015 
0.106012 0.106012 
0.0829918 0.0829918 
0.0792742 0.0792742 
0.107332 0.107332 
