0.0005 0.005
4.94151e-273 4.94151e-273 
3.07106e-19 3.07106e-19 
5.90562e-06 5.90562e-06 
0.198465 0.198465 
0.36603 0.36603 
0.110473 0.110473 
0.00653036 0.00653036 
-0.00670887 -0.00670887 
-0.00609301 -0.00609301 
-0.0052232 -0.0052232 
0.0168414 0.0168414 
0.315392 0.315392 
0.24486 0.24486 
0.138227 0.138227 
0.0581621 0.0581621 
0.011962 0.011962 
-0.00444474 -0.00444474 
-0.0058209 -0.0058209 
0.0457662 0.0457662 
0.244433 0.244433 
0.211866 0.211866 
0.144734 0.144734 
0.085889 0.085889 
0.0403598 0.0403598 
0.0111169 0.0111169 
-0.000362284 -0.000362284 
0.0444074 0.0444074 
0.196596 0.196596 
0.194184 0.194184 
0.14722 0.14722 
0.101426 0.101426 
0.0618642 0.0618642 
0.0308062 0.0308062 
0.0122843 0.0122843 
0.0371311 0.0371311 
0.155759 0.155759 
0.180404 0.180404 
0.148007 0.148007 
0.111151 0.111151 
0.0771719 0.0771719 
0.048006 0.048006 
0.0271399 0.0271399 
0.0355872 0.0355872 
0.1202 0.1202 
0.166088 0.166088 
0.147437 0.147437 
0.11763 0.11763 
0.0883079 0.0883079 
0.0618232 0.0618232 
0.0409709 0.0409709 
0.0394158 0.0394158 
0.0936718 0.0936718 
0.149412 0.149412 
0.14521 0.14521 
0.121951 0.121951 
0.0966237 0.0966237 
0.0727889 0.0727889 
0.0528775 0.0528775 
0.0458726 0.0458726 
0.0774798 0.0774798 
0.131157 0.131157 
0.140853 0.140853 
0.124526 0.124526 
0.102912 0.102912 
0.0815412 0.0815412 
0.0628853 0.0628853 
0.0530946 0.0530946 
0.0695824 0.0695824 
0.113863 0.113863 
0.134177 0.134177 
