0.0005 0.01
2.02816e-259 2.02816e-259 
3.55025e-19 3.55025e-19 
5.90214e-06 5.90214e-06 
0.1963 0.1963 
0.365019 0.365019 
0.10986 0.10986 
0.00641903 0.00641903 
-0.00668337 -0.00668337 
-0.00606368 -0.00606368 
-0.00519404 -0.00519404 
0.0166167 0.0166167 
0.313812 0.313812 
0.24431 0.24431 
0.137794 0.137794 
0.0578744 0.0578744 
0.0118471 0.0118471 
-0.00444265 -0.00444265 
-0.00578927 -0.00578927 
0.0450958 0.0450958 
0.243189 0.243189 
0.211391 0.211391 
0.144354 0.144354 
0.0855798 0.0855798 
0.0401453 0.0401453 
0.0110137 0.0110137 
-0.00039103 -0.00039103 
0.0437798 0.0437798 
0.195385 0.195385 
0.193701 0.193701 
0.146859 0.146859 
0.101114 0.101114 
0.0616088 0.0616088 
0.0306251 0.0306251 
0.0121684 0.0121684 
0.0366431 0.0366431 
0.154574 0.154574 
0.179866 0.179866 
0.147645 0.147645 
0.110838 0.110838 
0.0768976 0.0768976 
0.0477809 0.0477809 
0.0269586 0.0269586 
0.0351899 0.0351899 
0.119125 0.119125 
0.165459 0.165459 
0.147055 0.147055 
0.117312 0.117312 
0.0880229 0.0880229 
0.0615728 0.0615728 
0.0407484 0.0407484 
0.0390641 0.0390641 
0.0927689 0.0927689 
0.148683 0.148683 
0.14479 0.14479 
0.121622 0.121622 
0.0963303 0.0963303 
0.0725227 0.0725227 
0.0526295 0.0526295 
0.0455428 0.0455428 
0.0767452 0.0767452 
0.130361 0.130361 
0.140374 0.140374 
0.124178 0.124178 
0.10261 0.10261 
0.0812638 0.0812638 
0.062621 0.062621 
0.0527756 0.0527756 
0.0689786 0.0689786 
0.11306 0.11306 
0.133628 0.133628 
