0.001 0.01
0 0 
-8.424e-105 1.51496e-104 
-1.36832e-41 4.35605e-41 
-3.9694e-14 2.81389e-12 
-0.00227237 0.656805 
-0.226802 0.197468 
-0.533238 -0.00754095 
-0.0572922 -0.00847811 
-0.0069882 -0.00779784 
-0.00672772 -0.00736172 
-0.00644881 -0.00683846 
-0.00604491 -0.00614468 
0.175851 -0.00541535 
0.35687 -0.00476479 
0.20377 -0.0156058 
0.0754578 -0.0972928 
-0.00174042 -0.208301 
-0.00994014 -0.317009 
-0.0091365 -0.418043 
-0.00860416 -0.0079904 
-0.00800641 -0.00765314 
-0.00725761 0.299165 
-0.00647811 0.297716 
-0.00602304 0.205468 
-0.0185522 0.121307 
-0.0684821 0.0484593 
-0.134933 0.000136917 
-0.203165 -0.0103648 
-0.269604 -0.00974331 
-0.33233 -0.00916965 
0.0754006 -0.00854779 
0.272468 -0.00778798 
0.206354 -0.00699839 
0.144148 -0.00704266 
0.0864976 -0.0193031 
0.0359374 -0.0551961 
0.000426682 -0.10221 
-0.0107599 -0.151601 
-0.0107613 -0.20066 
-0.0102363 -0.24858 
-0.00963565 0.257477 
-0.00887902 0.206523 
-0.00808918 0.157292 
-0.00865518 0.110547 
-0.0200258 0.0669296 
-0.0479239 0.0284086 
-0.0840682 0.000292158 
-0.122574 -0.0107582 
-0.161317 -0.0113828 
-0.199561 -0.0108371 
0.205852 -0.0102129 
0.166195 -0.00944355 
0.127044 -0.00867681 
0.0896766 -0.0096812 
0.0546762 -0.0200605 
0.0236003 -0.042808 
0.000242477 -0.0720506 
-0.0104271 -0.103508 
-0.0116874 -0.135453 
-0.0111693 -0.167222 
-0.0105328 0.171052 
-0.00976125 0.138973 
-0.0090484 0.106511 
-0.0103855 0.0754318 
-0.0198428 0.0462485 
-0.0390036 0.0202217 
-0.0634859 0.000198642 
-0.0900118 -0.009993 
-0.117143 -0.0118206 
-0.144255 -0.0113795 
0.145991 -0.0107363 
0.119359 -0.00996782 
0.0916589 -0.0093278 
0.0650831 -0.0109009 
0.0400844 -0.0195418 
0.0177025 -0.0360641 
0.000153252 -0.0570707 
-0.00953647 -0.0799575 
-0.0118358 -0.103502 
-0.0115152 -0.127055 
-0.0108712 0.127075 
-0.0101096 0.104546 
-0.00955218 0.0804055 
-0.0112843 0.0572113 
-0.0192123 0.0353633 
-0.0337135 0.0157338 
-0.0520742 9.63636e-05 
-0.0721675 -0.0091022 
-0.0929376 -0.0117769 
-0.113599 -0.0116093 
0.112296 -0.0109722 
0.0929645 -0.0102209 
0.0715852 -0.00974886 
0.0510215 -0.0115816 
0.031629 -0.0188885 
0.0141502 -0.0317927 
3.66612e-05 -0.0480741 
-0.00869684 -0.0659573 
-0.011661 -0.0845186 
-0.0116665 -0.102672 
-0.0110462 0.100431 
-0.0103087 0.083655 
-0.00992012 0.0644781 
-0.0118105 0.0460177 
-0.0185745 0.0285913 
-0.0301852 0.0128384 
-0.0447909 -3.08101e-05 
-0.0608831 -0.00833115 
-0.0776447 -0.0115125 
-0.0934808 -0.0117 
0.0907053 -0.0111079 
0.0760112 -0.0103875 
0.0586318 -0.0100776 
0.0418906 -0.0119943 
0.0260729 -0.0182813 
0.0117354 -0.0288234 
-9.78103e-05 -0.0420507 
-0.0079979 -0.0566631 
-0.0113376 -0.0719307 
-0.0117074 -0.0855136 
-0.0111551 0.0825865 
-0.0104555 0.0696168 
-0.0102179 0.0537316 
-0.0121383 0.0384213 
-0.0180038 0.0239436 
-0.0276482 0.0107875 
-0.0397224 -0.000169216 
-0.0530921 -0.00770081 
-0.0670994 -0.0111519 
-0.0784159 -0.011698 
0.0757144 -0.0111964 
0.0641918 -0.0105213 
0.0495684 -0.0103491 
0.0354671 -0.0122568 
0.0221223 -0.0177477 
0.00996702 -0.0266276 
-0.00023808 -0.0377234 
-0.00743077 -0.0500351 
-0.010956 -0.0629647 
-0.0116683 -0.0719639 
-0.0112274 0.0698204 
-0.0105806 0.059526 
-0.0104667 0.0459818 
-0.0123501 0.0329152 
-0.0175063 0.0205405 
-0.0257271 0.00924381 
-0.0359825 -0.000309396 
-0.0473832 -0.00719027 
-0.0593796 -0.0107604 
-0.066003 -0.0116264 
0.0647154 -0.0112544 
0.0554736 -0.0106398 
0.0428634 -0.0105775 
0.0306921 -0.0124286 
0.0191571 -0.0172839 
0.00860504 -0.0249308 
-0.000377155 -0.0344569 
-0.00697077 -0.0450649 
-0.010563 -0.056244 
-0.0115692 -0.0604467 
-0.0112724 0.0602483 
-0.0106939 0.0519163 
-0.0106772 0.0401221 
-0.0124903 0.0287328 
-0.0170739 0.0179317 
-0.0242165 0.00803145 
-0.0331038 -0.000446313 
-0.043016 -0.00677483 
-0.0534713 -0.0103714 
-0.0552357 -0.0115039 
0.0563114 -0.0112869 
0.0487717 -0.0107481 
0.0376969 -0.0107717 
0.0269965 -0.0125431 
0.0168421 -0.0168802 
0.00751724 -0.0235763 
-0.000511509 -0.0318995 
-0.00659489 -0.0411963 
-0.0101821 -0.0510034 
-0.0114274 -0.0503456 
-0.011293 0.0528126 
-0.0107974 0.0459673 
-0.0108567 0.0355316 
-0.0125841 0.0254426 
-0.0166966 0.0158621 
-0.0229944 0.00704888 
-0.0308161 -0.000577546 
-0.0395646 -0.00643377 
-0.0487846 -0.0100009 
-0.0457564 -0.0113462 
0.0496869 -0.0112959 
0.043454 -0.0108465 
0.0335901 -0.0109377 
0.0240471 -0.0126198 
0.0149796 -0.016527 
0.00662424 -0.0224674 
-0.000639542 -0.0298402 
-0.00628479 -0.0380972 
-0.00982375 -0.0467794 
-0.011257 -0.0414656 
-0.0112909 0.0468744 
-0.0108906 0.0411842 
-0.0110106 0.0318352 
-0.012647 0.0227828 
-0.0163655 0.0141763 
-0.0219834 0.00623307 
-0.0289522 -0.000702085 
-0.0367662 -0.00615098 
-0.0449499 -0.00965559 
-0.0374641 -0.0111658 
0.0443343 -0.0112831 
0.0391275 -0.0109339 
0.0302446 -0.0110803 
0.0216354 -0.0126711 
0.0134455 -0.0162158 
0.00587524 -0.0215413 
-0.000760686 -0.0281445 
-0.00602642 -0.035557 
-0.00949209 -0.0432735 
-0.0110693 -0.0337519 
-0.0112681 0.0420255 
-0.010972 0.037251 
-0.0111429 0.0287924 
-0.0126887 0.0205855 
-0.0160729 0.0127738 
-0.0211319 0.0055426 
-0.0274028 -0.000819667 
-0.0344496 -0.00591422 
-0.0417231 -0.00933753 
-0.0303183 -0.0109727 
0.0399215 -0.0112506 
0.0355351 -0.0110089 
0.0274645 -0.0112029 
0.0196244 -0.0127048 
0.0121576 -0.0159401 
0.0052361 -0.0207553 
-0.000874907 -0.0267229 
-0.00580914 -0.033435 
-0.00918766 -0.0402844 
-0.0108728 -0.0271591 
-0.0112268 0.0379928 
-0.0110404 0.0339562 
-0.0112566 0.0262421 
-0.0127157 0.0187377 
-0.0158128 0.0115867 
-0.0204042 0.00494905 
-0.0260937 -0.000930417 
-0.0324981 -0.00571422 
-0.0389375 -0.00904629 
-0.0242597 -0.010774 
0.0362219 -0.011201 
0.0325016 -0.0110704 
0.0251161 -0.011308 
0.0179202 -0.0127259 
0.0110594 -0.0156943 
0.00468294 -0.0200793 
-0.000982448 -0.0255131 
-0.00562484 -0.0316334 
-0.00890941 -0.0376732 
-0.0106734 -0.0216112 
-0.0111699 0.0345871 
-0.0110951 0.0311535 
-0.0113537 0.0240723 
-0.0127321 0.0171608 
-0.0155803 0.0105675 
-0.0197746 0.0044322 
-0.0249723 -0.00103465 
-0.0308292 -0.00554386 
-0.0364767 -0.00878035 
-0.0191957 -0.0105748 
0.0330763 -0.0111371 
0.0299034 -0.011118 
0.0231048 -0.0113975 
0.0164564 -0.012738 
0.0101104 -0.0154739 
0.00419851 -0.0194913 
-0.00108368 -0.0244705 
-0.00546728 -0.0300821 
-0.0086555 -0.0353424 
-0.0104754 -0.0170016 
-0.0110999 0.0316732 
-0.0111359 0.0287379 
-0.011436 0.0222026 
-0.0127406 0.0157982 
-0.0153713 0.00968175 
-0.0192243 0.00397722 
-0.0240005 -0.00113276 
-0.0293827 -0.00539769 
-0.0342594 -0.00853772 
-0.0150101 -0.0103785 
0.0303692 -0.0110615 
0.0276512 -0.0111517 
0.0213618 -0.0114726 
0.0151843 -0.0127432 
0.00928139 -0.0152753 
0.00376999 -0.0189749 
-0.00117902 -0.0235621 
-0.00533166 -0.0287289 
-0.00842385 -0.0332241 
-0.0102816 -0.0132086 
-0.0110196 0.0291519 
-0.0111628 0.0266327 
-0.0115046 0.0205738 
-0.0127431 0.014608 
-0.0151826 0.00890412 
-0.018739 0.003573 
-0.0231498 -0.00122518 
-0.0281133 -0.00527142 
-0.0322286 -0.00831627 
-0.0115792 -0.0101874 
0.028015 -0.0109768 
0.0256784 -0.0111719 
0.0198359 -0.0115346 
0.014068 -0.0127429 
0.00855011 -0.0150954 
0.00338767 -0.0185177 
-0.00126891 -0.0227634 
-0.00521419 -0.0275344 
-0.00821237 -0.0312709 
-0.0100938 -0.0101094 
-0.0109312 0.026949 
-0.0111768 0.0247803 
-0.0115604 0.0191414 
-0.0127407 0.0135589 
-0.0150112 0.00821527 
-0.0183078 0.003211 
-0.0223985 -0.00131233 
-0.0269865 -0.00516169 
-0.0303454 -0.00811394 
-0.00878319 -0.010003 
0.025949 -0.010885 
0.0239349 -0.0111794 
0.0184881 -0.0115842 
0.0130797 -0.0127382 
0.00789967 -0.0149317 
0.003044 -0.01811 
-0.00135375 -0.022055 
-0.00511188 -0.0264682 
-0.00801906 -0.0294507 
-0.00991323 -0.00758923 
-0.0108368 0.0250077 
-0.0111785 0.0231364 
-0.0116044 0.017871 
-0.0127341 0.0126266 
-0.014855 0.00760031 
-0.0179221 0.00288453 
-0.0217296 -0.00139463 
-0.0259753 -0.00506584 
-0.0285831 -0.00792883 
-0.00651398 -0.00982601 
0.0241211 -0.0107881 
0.0223818 -0.0111753 
0.0172883 -0.0116223 
0.0121982 -0.0127296 
0.00731692 -0.014782 
0.00273305 -0.0177441 
-0.00143396 -0.021422 
-0.00502233 -0.0255064 
-0.00784208 -0.0277418 
-0.0097404 -0.00554708 
-0.0107381 0.0232839 
-0.0111691 0.0216668 
-0.0116373 0.0167362 
-0.0127239 0.0117921 
-0.0147117 0.00704754 
-0.0175749 0.00258831 
-0.0211299 -0.00147245 
-0.0250585 -0.00498172 
-0.0269245 -0.00775917 
-0.00467771 -0.00965695 
0.0224925 -0.0106876 
0.0209886 -0.0111606 
0.0162127 -0.0116497 
0.0114067 -0.0127173 
0.00679142 -0.0146444 
0.00245008 -0.0174138 
-0.0015099 -0.0208523 
-0.00494361 -0.02463 
-0.00767977 -0.0261302 
-0.00957557 -0.00389652 
-0.0106367 0.021743 
-0.0111498 0.0203444 
-0.0116598 0.0157156 
-0.0127101 0.0110405 
-0.0145798 0.00654765 
-0.0172606 0.00231806 
-0.0205884 -0.00154615 
-0.0242194 -0.00490758 
-0.0253582 -0.0076034 
-0.00319529 -0.00949591 
0.0210319 -0.010585 
0.0197312 -0.0111365 
0.0152425 -0.0116671 
