0.0005 0.01
6.33179e-260 6.33179e-260 
1.28697e-20 1.28697e-20 
1.45421e-07 1.45421e-07 
0.00571304 0.00571304 
0.416592 0.416592 
0.360058 0.360058 
0.138778 0.138778 
0.0266366 0.0266366 
-0.00229939 -0.00229939 
-0.00487282 -0.00487282 
-0.00437013 -0.00437013 
-0.00350623 -0.00350623 
0.0137288 0.0137288 
0.193349 0.193349 
0.302145 0.302145 
0.219887 0.219887 
0.130588 0.130588 
0.062598 0.062598 
0.0206795 0.0206795 
0.00157916 0.00157916 
-0.00370755 -0.00370755 
0.00275857 0.00275857 
0.067953 0.067953 
0.211559 0.211559 
0.230414 0.230414 
0.179745 0.179745 
0.123646 0.123646 
0.0753788 0.0753788 
0.0386366 0.0386366 
0.0147258 0.0147258 
0.00427302 0.00427302 
0.0186267 0.0186267 
0.0974584 0.0974584 
0.189346 0.189346 
0.194276 0.194276 
0.159368 0.159368 
0.118758 0.118758 
0.0814113 0.0814113 
0.0502247 0.0502247 
0.0271471 0.0271471 
0.0166274 0.0166274 
0.0355464 0.0355464 
0.105775 0.105775 
0.16882 0.16882 
0.171965 0.171965 
0.146525 0.146525 
0.115083 0.115083 
0.0847646 0.0847646 
0.0581781 0.0581781 
0.0376966 0.0376966 
0.0294175 0.0294175 
0.0493522 0.0493522 
0.106362 0.106362 
0.152761 0.152761 
0.156423 0.156423 
0.137397 0.137397 
0.112154 0.112154 
0.0868489 0.0868489 
0.0640742 0.0640742 
0.0465857 0.0465857 
0.0408695 0.0408695 
0.0597288 0.0597288 
0.104793 0.104793 
0.140424 0.140424 
0.144782 0.144782 
