0.001 0.005
0 0 
8.0646e-17 8.0646e-17 
1.55588e-05 1.55588e-05 
-0.00207684 -0.00207684 
-0.00181842 -0.00181842 
0.0792595 0.0792595 
-0.00294543 -0.00294543 
0.000613992 0.000613992 
0.117515 0.117515 
-0.00347982 -0.00347982 
-0.00261921 -0.00261921 
0.135892 0.135892 
-0.000394541 -0.000394541 
-0.00330172 -0.00330172 
0.146556 0.146556 
0.020303 0.020303 
-0.00357927 -0.00357927 
0.153498 0.153498 
0.0439263 0.0439263 
-0.00382921 -0.00382921 
0.158369 0.158369 
0.0630092 0.0630092 
-0.00193179 -0.00193179 
0.161972 0.161972 
0.077911 0.077911 
0.00820299 0.00820299 
0.164744 0.164744 
0.0897034 0.0897034 
0.0227622 0.0227622 
0.166939 0.166939 
0.0992203 0.0992203 
0.036878 0.036878 
0.166466 0.166466 
0.107046 0.107046 
0.0493125 0.0493125 
0.0148322 0.0148322 
0.113588 0.113588 
0.0600469 0.0600469 
0.0129322 0.0129322 
0.119136 0.119136 
0.0693124 0.0693124 
0.0235685 0.0235685 
0.123898 0.123898 
0.077355 0.077355 
0.0337138 0.0337138 
0.128031 0.128031 
0.0843861 0.0843861 
0.0429658 0.0429658 
0.131644 0.131644 
0.0905776 0.0905776 
0.0512969 0.0512969 
0.133369 0.133369 
0.0960673 0.0960673 
0.058782 0.058782 
0.0627861 0.0627861 
0.100966 0.100966 
0.0655186 0.0655186 
0.0325444 0.0325444 
0.105363 0.105363 
0.0716012 0.0716012 
0.0392953 0.0392953 
0.109331 0.109331 
0.0771139 0.0771139 
0.0460855 0.0460855 
0.112928 0.112928 
0.0821294 0.0821294 
0.0523369 0.0523369 
0.116174 0.116174 
0.0867099 0.0867099 
0.0580858 0.0580858 
0.117415 0.117415 
0.0909081 0.0909081 
0.0633808 0.0633808 
0.0817897 0.0817897 
0.0947691 0.0947691 
0.0682682 0.0682682 
0.0454709 0.0454709 
0.0983314 0.0983314 
0.07279 0.07279 
0.0480982 0.0480982 
0.101628 0.101628 
0.0769838 0.0769838 
0.052984 0.052984 
0.104684 0.104684 
0.0808826 0.0808826 
0.0576455 0.0576455 
0.10745 0.10745 
0.0845157 0.0845157 
0.0620077 0.0620077 
0.108227 0.108227 
0.0879086 0.0879086 
0.0660917 0.0660917 
0.0878637 0.0878637 
0.0910841 0.0910841 
0.0699212 0.0699212 
0.0556275 0.0556275 
0.094062 0.094062 
0.0735182 0.0735182 
0.0539172 0.0539172 
0.0968595 0.0968595 
0.0769023 0.0769023 
0.0573836 0.0573836 
0.099484 0.099484 
0.0800913 0.0800913 
0.0610546 0.0610546 
0.101823 0.101823 
0.0831012 0.0831012 
0.0645582 0.0645582 
0.102306 0.102306 
0.0859464 0.0859464 
0.0678777 0.0678777 
0.0895298 0.0895298 
0.0886397 0.0886397 
0.071024 0.071024 
0.0637695 0.0637695 
0.0911927 0.0911927 
0.0740095 0.0740095 
0.0584057 0.0584057 
0.0936144 0.0936144 
0.0768459 0.0768459 
0.0605029 0.0605029 
0.0958971 0.0958971 
0.0795438 0.0795438 
0.0634388 0.0634388 
0.0978825 0.0978825 
0.0821127 0.0821127 
0.06635 0.06635 
0.0981974 0.0981974 
0.0845616 0.0845616 
0.0691424 0.0691424 
0.0896334 0.0896334 
0.0868985 0.0868985 
0.0718112 0.0718112 
0.0699171 0.0699171 
0.0891304 0.0891304 
0.0743626 0.0743626 
0.0622438 0.0622438 
0.0912605 0.0912605 
0.0768037 0.0768037 
0.0629379 0.0629379 
0.0932675 0.0932675 
0.0791414 0.0791414 
0.0652257 0.0652257 
0.094965 0.094965 
0.0813819 0.0813819 
0.067683 0.067683 
0.0951899 0.0951899 
0.0835311 0.0835311 
0.0700853 0.0700853 
0.0891703 0.0891703 
0.0855941 0.0855941 
0.0724006 0.0724006 
0.074287 0.074287 
0.087575 0.087575 
0.0746276 0.0746276 
0.0656529 0.0656529 
0.0894721 0.0894721 
0.07677 0.07677 
0.0650033 0.0650033 
0.0912524 0.0912524 
0.0788322 0.0788322 
0.0666546 0.0666546 
0.0927174 0.0927174 
0.0808186 0.0808186 
0.0687243 0.0687243 
0.0928981 0.0928981 
0.0827331 0.0827331 
0.0708178 0.0708178 
0.0885166 0.0885166 
0.0845791 0.0845791 
0.0728584 0.0728584 
0.0772673 0.0772673 
0.0863583 0.0863583 
0.074833 0.074833 
0.0686603 0.0686603 
0.0880646 0.0880646 
0.0767415 0.0767415 
0.0668598 0.0668598 
0.0896559 0.0896559 
0.0785862 0.0785862 
0.0678695 0.0678695 
0.0909333 0.0909333 
0.0803701 0.0803701 
0.0695775 0.0695775 
0.0910958 0.0910958 
0.0820959 0.0820959 
0.0714085 0.0714085 
0.0878225 0.0878225 
0.0837656 0.0837656 
0.0732254 0.0732254 
0.0792467 0.0792467 
0.0853789 0.0853789 
0.0749968 0.0749968 
0.0712448 0.0712448 
0.0869258 0.0869258 
0.0767166 0.0767166 
0.0685768 0.0685768 
0.0883579 0.0883579 
0.0783851 0.0783851 
0.0689578 0.0689578 
0.0894834 0.0894834 
0.0800037 0.0800037 
0.0703101 0.0703101 
0.0896423 0.0896423 
0.0815744 0.0815744 
0.0719031 0.0719031 
0.0871484 0.0871484 
0.0830979 0.0830979 
0.0735288 0.0735288 
0.080535 0.080535 
0.0845722 0.0845722 
0.0751309 0.0751309 
0.073401 0.073401 
0.0859838 0.0859838 
0.0766946 0.0766946 
0.0701729 0.0701729 
0.0872805 0.0872805 
