0.0005 0.005
0 0 
-5.4203e-135 8.93019e-135 
-2.49104e-49 7.46195e-49 
-1.14249e-15 8.83368e-14 
-0.00184298 0.659725 
-0.227075 0.198208 
-0.534297 -0.00779489 
-0.052118 -0.00870413 
-0.00715477 -0.00801216 
-0.00690114 -0.00756667 
-0.00665641 -0.00703871 
-0.00631157 -0.00633915 
0.355618 -0.00559882 
0.35818 -0.00492815 
0.204817 -0.0147502 
0.0759962 -0.0961624 
-0.00201896 -0.207521 
-0.0102512 -0.316395 
-0.00942812 -0.417736 
-0.00888308 -0.00825651 
-0.00827945 -0.00794944 
-0.00752289 0.374109 
-0.00672817 0.299062 
-0.00617673 0.206703 
-0.0176201 0.122349 
-0.0671339 0.049078 
-0.133722 1.38336e-05 
-0.202072 -0.0107185 
-0.26858 -0.0100709 
-0.331712 -0.00948338 
0.177758 -0.00885607 
0.273875 -0.008088 
0.207684 -0.00728046 
0.145342 -0.00710911 
0.0874469 -0.018328 
0.0364392 -0.0537699 
0.000220433 -0.100812 
-0.0113357 -0.150276 
-0.0112806 -0.199391 
-0.0106922 -0.247348 
-0.0100498 0.259404 
-0.00926051 0.207966 
-0.00842932 0.158659 
-0.00865891 0.111784 
-0.01904 0.0679449 
-0.0464649 0.0290214 
-0.0825633 0.000240989 
-0.121106 -0.0113039 
-0.159889 -0.0119286 
-0.198162 -0.0113189 
0.208225 -0.0106529 
0.167685 -0.00985059 
0.128455 -0.00902638 
0.0909644 -0.00960722 
0.0557556 -0.0190497 
0.0243048 -0.041314 
0.00032258 -0.0704613 
-0.0109138 -0.101927 
-0.0122529 -0.133898 
-0.0116744 -0.165687 
-0.0109959 0.173864 
-0.0101908 0.140508 
-0.0093978 0.10797 
-0.0102481 0.0767704 
-0.0188154 0.0473874 
-0.0374894 0.0210063 
-0.0618408 0.000394885 
-0.0883525 -0.0103998 
-0.115497 -0.0123908 
-0.142594 -0.0119007 
0.149189 -0.0112153 
0.120931 -0.010412 
0.0931556 -0.00966507 
0.0664626 -0.0107073 
0.0412705 -0.018499 
0.0185509 -0.0345348 
0.000446063 -0.0553838 
-0.00986047 -0.0782369 
-0.0124021 -0.101784 
-0.0120537 -0.12521 
-0.0113677 0.130602 
-0.0105688 0.106153 
-0.00987602 0.0819377 
-0.0110474 0.0586284 
-0.0181619 0.0365922 
-0.0321789 0.0166395 
-0.0503615 0.000475894 
-0.0704047 -0.00933949 
-0.0911675 -0.0123245 
-0.11142 -0.0121593 
0.116094 -0.0114819 
0.0945989 -0.0106893 
0.0731451 -0.0100538 
0.0524679 -0.0113064 
0.0328917 -0.0178309 
0.0151025 -0.0302543 
0.000489176 -0.0463413 
-0.00885303 -0.0641602 
-0.0121831 -0.0827052 
-0.0122281 -0.099888 
-0.0115713 0.104453 
-0.0107872 0.0853151 
-0.0102083 0.0660643 
-0.0115065 0.0474918 
-0.0175155 0.0298856 
-0.0286494 0.0138339 
-0.0430476 0.000488854 
-0.0590632 -0.00840736 
-0.0758003 -0.0119983 
-0.0897241 -0.0122666 
0.0949046 -0.0116446 
0.0776912 -0.0108715 
0.0602381 -0.0103465 
0.043386 -0.0116642 
0.0273923 -0.0172203 
0.0127664 -0.0272899 
0.000479041 -0.0402989 
-0.00800156 -0.0548238 
-0.0117838 -0.0700591 
-0.0122774 -0.0803497 
-0.0117052 0.08693 
-0.0109461 0.0713165 
-0.010471 0.0553578 
-0.0117892 0.0399377 
-0.0169453 0.0252875 
-0.0261215 0.0118527 
-0.0379685 0.000461441 
-0.0512411 -0.00763405 
-0.0652086 -0.0115518 
-0.0714184 -0.012264 
0.0801699 -0.0117562 
0.0659066 -0.0110147 
0.0512095 -0.0105849 
0.0369995 -0.01189 
0.0234856 -0.0166907 
0.0110605 -0.0251064 
0.000438799 -0.0359675 
-0.00730074 -0.0481736 
-0.0113094 -0.0610553 
-0.0122282 -0.0627684 
-0.0117977 0.0743656 
-0.0110783 0.0612565 
-0.0106891 0.0476384 
-0.0119714 0.0344641 
-0.0164545 0.0219235 
-0.0242151 0.0103652 
-0.0342294 0.000411823 
-0.0455166 -0.00699893 
-0.0574558 -0.0110636 
-0.0543704 -0.0121734 
0.0693283 -0.011831 
0.0572164 -0.0111384 
0.0445314 -0.0107855 
0.0322535 -0.0120383 
0.0205557 -0.016236 
0.00974975 -0.0234265 
0.000382375 -0.0327058 
-0.00672452 -0.0431933 
-0.0108176 -0.0543029 
-0.0121013 -0.0462829 
-0.0118553 0.0649145 
-0.0111949 0.0536724 
-0.0108745 0.0418024 
-0.012093 0.0303076 
-0.016033 0.0193466 
-0.0227228 0.00919966 
-0.0313584 0.000350589 
-0.0411436 -0.00647516 
-0.0515127 -0.0105754 
-0.0386029 -0.0120152 
0.0610156 -0.0118715 
0.0505385 -0.0112487 
0.0393863 -0.0109574 
0.0285814 -0.0121385 
0.0182699 -0.0158448 
0.00870506 -0.0220914 
0.000317803 -0.0301586 
-0.00624741 -0.0393225 
-0.0103381 -0.0490196 
-0.0119167 -0.0314331 
-0.0118789 0.0575458 
-0.0112989 0.0477462 
-0.0110343 0.0372311 
-0.0121762 0.0270385 
-0.0156696 0.0173038 
-0.021521 0.0082569 
-0.0290828 0.000283839 
-0.0376929 -0.00603949 
-0.0467699 -0.0101079 
-0.0248546 -0.0118087 
0.0544383 -0.0118782 
0.0452428 -0.0113462 
0.0352969 -0.0111064 
0.0256513 -0.0122082 
0.0164322 -0.0155067 
0.0078491 -0.0210036 
0.000249726 -0.028113 
-0.0058486 -0.0362265 
-0.00988498 -0.0447207 
-0.0116924 -0.0189179 
-0.0118689 0.0516386 
-0.0113896 0.0429848 
-0.0111735 0.0335504 
-0.0122348 0.0243965 
-0.0153544 0.015641 
-0.0205317 0.00747557 
-0.0272338 0.000215114 
-0.0348992 -0.00567352 
-0.0428353 -0.00967039 
-0.0136385 -0.0115703 
0.0491035 -0.0118521 
0.0409378 -0.0114294 
0.0319658 -0.0112364 
0.0232561 -0.0122577 
0.0149196 -0.0152126 
0.00713246 -0.0200998 
0.000180843 -0.0264335 
-0.00551197 -0.0336924 
-0.00946377 -0.0410845 
-0.0114432 -0.00900398 
-0.0118274 0.0467965 
-0.0114649 0.0390729 
-0.0112949 0.0305208 
-0.0122769 0.0222144 
-0.0150796 0.0142585 
-0.0197027 0.00681543 
-0.0257014 0.000146476 
-0.0325895 -0.00536313 
-0.0394426 -0.00926576 
-0.00497934 -0.0113131 
0.0446886 -0.011796 
0.0373671 -0.0114964 
0.0291981 -0.0113498 
0.0212593 -0.0122938 
0.0136506 -0.0149554 
0.00652197 -0.0193369 
0.000112727 -0.0250297 
-0.00522514 -0.0315779 
-0.00907567 -0.0378894 
-0.0111805 -0.00151684 
-0.0117576 0.0427545 
-0.0115231 0.0358 
-0.0114007 0.027982 
-0.012308 0.0203798 
-0.0148386 0.0130891 
-0.0189983 0.00624886 
-0.0244106 7.91162e-05 
-0.0306455 -0.00509747 
-0.0364071 -0.00889389 
0.00143949 -0.011047 
0.040974 -0.0117135 
0.0343557 -0.0115455 
0.0268605 -0.0114481 
0.0195676 -0.0123206 
0.0125692 -0.0147293 
0.00599445 -0.0186845 
4.62778e-05 -0.0238388 
-0.00497859 -0.0297833 
-0.00871961 -0.0349823 
-0.0109127 0.00394644 
-0.0116636 0.0393288 
-0.011563 0.0330196 
-0.0114916 0.0258223 
-0.0123312 0.0188146 
-0.0146263 0.0120857 
-0.0183924 0.00575627 
-0.0233085 1.37095e-05 
-0.0289824 -0.00486819 
-0.033603 -0.0085531 
0.00606034 -0.010779 
0.0378045 -0.011609 
0.0317804 -0.011576 
0.0248588 -0.0115319 
0.0181148 -0.0123408 
0.0116354 -0.0145296 
0.00553319 -0.0181205 
-1.80092e-05 -0.0228159 
-0.00476496 -0.0282362 
-0.0083935 -0.0322611 
-0.0106457 0.00783277 
-0.0115497 0.0363878 
-0.011584 0.0306272 
-0.0115684 0.0239617 
-0.0123487 0.0174623 
-0.0144383 0.0112144 
-0.0178662 0.00532327 
-0.0223565 -4.93869e-05 
-0.0275378 -0.00466878 
-0.0309491 -0.00824104 
0.0093115 -0.0105139 
0.035068 -0.0114867 
0.0295517 -0.0115876 
0.0231247 -0.0116017 
0.0168528 -0.0123558 
0.0108202 -0.0143525 
0.00512578 -0.0176285 
-7.98845e-05 -0.0219278 
-0.00457852 -0.0268822 
-0.00809486 -0.0296627 
-0.0103834 0.010538 
-0.01142 0.0338349 
-0.0115865 0.0285458 
-0.0116313 0.0223413 
-0.0123615 0.0162816 
-0.0142712 0.0104499 
-0.0174053 0.00493912 
-0.0215261 -0.000110008 
-0.0262641 -0.00449416 
-0.0283981 -0.00795518 
0.0115497 -0.010255 
0.0326807 -0.0113505 
0.0276032 -0.0115811 
0.021607 -0.0116576 
0.0157456 -0.0123664 
0.0101016 -0.0141947 
0.00476281 -0.0171959 
-0.00013925 -0.0211494 
-0.00441471 -0.0256796 
-0.00782116 -0.0271538 
-0.0101285 0.0123779 
-0.0112783 0.0315976 
-0.0115712 0.0267175 
-0.0116803 0.0209167 
-0.0123701 0.0152411 
-0.014122 0.00977306 
-0.0169987 0.00459553 
-0.020795 -0.00016811 
-0.0251243 -0.00434027 
-0.0259285 -0.00769301 
0.0130506 -0.0100045 
0.0305795 -0.0112041 
0.0258842 -0.0115576 
0.0202671 -0.0116998 
0.0147657 -0.012373 
0.00946293 -0.0140534 
0.004437 -0.016813 
-0.000196102 -0.0204614 
-0.00426994 -0.0245953 
-0.00756994 -0.0247228 
-0.0098826 0.0135907 
-0.0111279 0.0296204 
-0.0115397 0.0250982 
-0.0117157 0.019654 
-0.0123747 0.0143166 
-0.0139881 0.00916922 
-0.0166376 0.00428607 
-0.0201462 -0.000223718 
-0.0240892 -0.00420387 
-0.0235367 -0.00745218 
0.0140188 -0.00976346 
0.0287155 -0.0110504 
0.0243559 -0.0115184 
0.0190749 -0.0117285 
0.0138921 -0.0123755 
0.00889107 -0.0139263 
0.00414261 -0.0164721 
-0.000250491 -0.0198484 
-0.00414129 -0.0236037 
-0.00733897 -0.0223721 
-0.00964663 0.0143514 
-0.0109716 0.02786 
-0.0114935 0.0236534 
-0.0117378 0.0185266 
-0.0123751 0.0134895 
-0.0138672 0.00862679 
-0.0163152 0.00400562 
-0.0195659 -0.000276903 
-0.0231358 -0.00408236 
-0.0212301 -0.00723055 
0.0146035 -0.00953263 
0.0270503 -0.0108921 
0.0229877 -0.0114655 
0.0180069 -0.0117442 
0.0131078 -0.0123737 
0.00837576 -0.0138112 
0.00387506 -0.0161668 
-0.000302503 -0.0192979 
-0.00402639 -0.0226841 
-0.0071262 -0.0201129 
-0.00942101 0.0147869 
-0.0108117 0.0262823 
-0.0114342 0.0223557 
-0.0117472 0.0175134 
-0.012371 0.0127448 
-0.0137574 0.00813655 
-0.0160258 0.00375006 
-0.0190428 -0.00032776 
-0.022246 -0.00397359 
-0.0190218 -0.00702617 
0.0149124 -0.00931223 
0.0255534 -0.0107312 
0.0217552 -0.0114003 
0.0170443 -0.0117474 
