0.0005 0.01
-1.02976e-258 1.09077e-258 
-5.83082e-20 8.47649e-20 
-1.62434e-07 4.10289e-07 
-0.00232653 0.0176897 
-0.0805628 0.55434 
-0.287127 0.275758 
-0.431926 0.0700879 
-0.199495 -0.000544382 
-0.0211375 -0.00859817 
-0.007786 -0.00688958 
-0.00603095 -0.0054113 
0.00109471 -0.00468019 
0.131928 -0.00804635 
0.323648 -0.0292648 
0.244649 -0.0808202 
0.14249 -0.154789 
0.0648032 -0.230109 
0.0179165 -0.265329 
-0.00203662 -0.181288 
-0.0066868 -0.0516607 
-0.00666407 0.000602584 
-0.00787962 0.10254 
-0.0159319 0.240386 
-0.0368235 0.226116 
-0.0719962 0.164851 
-0.117228 0.105469 
-0.16514 0.0574059 
-0.203217 0.0236242 
-0.202782 0.00418287 
-0.12317 -0.00425529 
0.0254272 -0.00739828 
0.173339 -0.0112395 
0.205716 -0.0207962 
0.172604 -0.0389247 
0.128204 -0.0654875 
0.0866222 -0.0980636 
0.0517818 -0.132945 
0.0254042 -0.164279 
0.00792491 -0.178163 
-0.00201664 -0.130638 
-0.00776556 0.0421182 
-0.0137223 0.167744 
-0.0236463 0.171003 
-0.0393637 0.140992 
-0.0606787 0.106732 
-0.0861027 0.0748258 
-0.113395 0.0474733 
-0.138871 0.0257753 
-0.151914 0.0100759 
-0.10997 -0.000407007 
0.0444316 -0.00782602 
0.145046 -0.0151867 
0.14493 -0.0251454 
0.120108 -0.0390521 
0.0924746 -0.056881 
0.0666315 -0.0777023 
0.0440804 -0.0999666 
0.025564 -0.120626 
0.011288 -0.129275 
0.000694248 -0.0871843 
-0.00768124 0.0410477 
-0.0158771 0.122973 
-0.0257478 0.12508 
-0.038327 0.105119 
-0.0537181 0.0822114 
-0.0713309 0.0605293 
-0.0899368 0.0413039 
-0.10652 0.0250671 
-0.110408 0.0119219 
-0.0685734 0.00143345 
0.036471 -0.00742828 
0.104523 -0.0160646 
0.109435 -0.0257791 
0.0936705 -0.0373644 
0.0743721 -0.0509799 
0.0557413 -0.066222 
0.0389494 -0.0819777 
0.0244178 -0.0950581 
0.0121911 -0.0948182 
0.0019231 -0.0544168 
-0.00712838 0.0321067 
-0.0159455 0.0895837 
-0.0254567 0.0967467 
-0.0362665 0.0845083 
-0.0485357 0.0681015 
-0.0619408 0.051826 
-0.0753697 0.0368946 
-0.0854453 0.0236878 
-0.0819533 0.0122284 
-0.0437971 0.0022421 
0.0282882 -0.00681532 
0.0775098 -0.0156461 
0.0862321 -0.0249209 
0.0769154 -0.0350966 
0.0628983 -0.0463022 
0.0485158 -0.0582249 
0.0350611 -0.0696971 
0.0229195 -0.0772183 
0.0121181 -0.0713153 
0.00244412 -0.0357905 
-0.00650659 0.0250288 
-0.015245 0.0676783 
-0.0242612 0.0773767 
-0.0338949 0.0704578 
-0.0442257 0.0584534 
-0.0549109 0.0456409 
-0.0647087 0.0333971 
-0.0700836 0.0221389 
-0.0624815 0.0119146 
-0.0296828 0.00256539 
0.0222584 -0.00621066 
0.0595884 -0.0147903 
0.0698232 -0.0235339 
0.0648583 -0.032687 
0.0545688 -0.0422719 
0.0430899 -0.051896 
0.0318671 -0.0602469 
0.0213616 -0.063839 
0.0116529 -0.0551043 
0.00263042 -0.0249585 
-0.00593108 0.0198954 
-0.0143112 0.0528571 
-0.0227744 0.0633127 
-0.031489 0.0599316 
-0.0404188 0.0511134 
-0.0491143 0.0407877 
-0.056209 0.0304459 
-0.0583361 0.0205968 
-0.0489034 0.011356 
-0.0212517 0.00265589 
0.0178672 -0.00566877 
0.0471949 -0.0138252 
0.0576514 -0.0220047 
0.0555485 -0.030311 
0.0479977 -0.0386522 
0.0386825 -0.0465231 
0.0291153 -0.0525249 
0.0198497 -0.0534603 
0.0110385 -0.0436547 
0.00265331 -0.0183028 
-0.00542329 0.0161139 
-0.0133426 0.042383 
-0.0212381 0.0526904 
-0.0291592 0.0516151 
-0.0369625 0.0451592 
-0.044094 0.0367378 
-0.0491447 0.0278617 
-0.0491202 0.0191229 
-0.0391803 0.0107103 
-0.0159257 0.00263065 
0.0145876 -0.00519357 
0.0382551 -0.012869 
0.0483134 -0.0204826 
0.0480609 -0.0280372 
0.0425524 -0.0353435 
0.0349273 -0.0418078 
0.0266748 -0.0460311 
0.0184176 -0.045241 
0.0103775 -0.035339 
0.00259353 -0.0139855 
-0.00497823 0.0132502 
-0.0124077 0.0346834 
-0.019743 0.0444283 
-0.0269471 0.0448313 
-0.0337906 0.0401439 
-0.0396504 0.0332319 
-0.0431548 0.0255469 
-0.0417608 0.0177338 
-0.0320185 0.0100443 
-0.0123834 0.00254594 
0.0120712 -0.00477587 
0.0315687 -0.0119601 
0.0409609 -0.0190218 
0.0418833 -0.0258896 
0.037908 -0.0323006 
0.0316368 -0.0376113 
0.0244717 -0.040492 
0.0170715 -0.0386277 
0.00971336 -0.0291294 
0.00249077 -0.0110461 
-0.00458517 0.0110263 
-0.0115267 0.0288337 
-0.0183204 0.037851 
-0.0248653 0.0391818 
-0.0308708 0.0358245 
