0.001 0.01
0 0 
9.82245e-100 9.82245e-100 
6.75535e-32 6.75535e-32 
0.0047256 0.0047256 
0.354791 0.354791 
0.0329739 0.0329739 
-0.0046441 -0.0046441 
-0.00426042 -0.00426042 
-0.00403661 -0.00403661 
-0.00386095 -0.00386095 
-0.00371282 -0.00371282 
0.369925 0.369925 
0.222964 0.222964 
0.095669 0.095669 
0.0069428 0.0069428 
-0.00594665 -0.00594665 
-0.00552149 -0.00552149 
-0.00522903 -0.00522903 
-0.00384212 -0.00384212 
0.280728 0.280728 
0.194471 0.194471 
0.115168 0.115168 
0.0454978 0.0454978 
0.000176244 0.000176244 
-0.00643083 -0.00643083 
-0.00603757 -0.00603757 
0.00350364 0.00350364 
0.243095 0.243095 
0.182021 0.182021 
0.124414 0.124414 
0.0709476 0.0709476 
0.0247322 0.0247322 
-0.00287827 -0.00287827 
-0.00668194 -0.00668194 
-0.0026439 -0.0026439 
0.222347 0.222347 
0.175052 0.175052 
0.129814 0.129814 
0.0868659 0.0868659 
0.0470872 0.0470872 
0.0136891 0.0136891 
-0.0045421 -0.0045421 
-0.00647613 -0.00647613 
0.209204 0.209204 
0.170606 0.170606 
0.133362 0.133362 
0.0975694 0.0975694 
0.0635501 0.0635501 
0.0323078 0.0323078 
0.00703422 0.00703422 
-0.0055212 -0.0055212 
0.200115 0.200115 
0.167528 0.167528 
0.135876 0.135876 
0.105226 0.105226 
0.0757178 0.0757178 
0.047734 0.047734 
0.0223695 0.0223695 
0.00272282 0.00272282 
0.190139 0.190139 
0.165277 0.165277 
0.137756 0.137756 
0.110969 0.110969 
0.0849839 0.0849839 
0.0599703 0.0599703 
0.036361 0.036361 
0.015323 0.015323 
0.0683218 0.0683218 
0.163564 0.163564 
0.139221 0.139221 
0.115438 0.115438 
0.0922516 0.0922516 
0.0697457 0.0697457 
0.0481164 0.0481164 
0.0278416 0.0278416 
0.0124246 0.0124246 
0.162215 0.162215 
0.140398 0.140398 
0.119017 0.119017 
0.0980968 0.0980968 
0.0776847 0.0776847 
0.0578789 0.0578789 
0.0388991 0.0388991 
0.0213497 0.0213497 
0.160393 0.160393 
0.141366 0.141366 
0.121947 0.121947 
0.102897 0.102897 
0.0842418 0.0842418 
0.0660362 0.0660362 
0.0483915 0.0483915 
0.0315552 0.0315552 
0.12726 0.12726 
0.142176 0.142176 
0.124391 0.124391 
0.106907 0.106907 
0.0897408 0.0897408 
0.072924 0.072924 
0.0565178 0.0565178 
0.0406466 0.0406466 
0.0403581 0.0403581 
0.142852 0.142852 
0.12646 0.12646 
0.110306 0.110306 
0.0944148 0.0944148 
0.0788042 0.0788042 
0.0635105 0.0635105 
0.0486021 0.0486021 
0.0351742 0.0351742 
0.14288 0.14288 
0.128234 0.128234 
0.113225 0.113225 
0.0984346 0.0984346 
0.0838765 0.0838765 
0.0695725 0.0695725 
0.0555627 0.0555627 
0.0420031 0.0420031 
0.130512 0.130512 
0.129772 0.129772 
0.115756 0.115756 
0.101927 0.101927 
0.0882934 0.0882934 
0.0748691 0.0748691 
0.061679 0.061679 
0.0487767 0.0487767 
0.0699626 0.0699626 
0.131094 0.131094 
0.117974 0.117974 
0.104989 0.104989 
0.0921723 0.0921723 
0.0795318 0.0795318 
0.0670837 0.0670837 
0.0548567 0.0548567 
0.0469484 0.0469484 
0.131776 0.131776 
0.119931 0.119931 
0.107696 0.107696 
0.0956049 0.0956049 
0.0836653 0.0836653 
0.0718876 0.0718876 
0.0602897 0.0602897 
0.0493775 0.0493775 
0.126002 0.126002 
0.12167 0.12167 
0.110104 0.110104 
0.0986632 0.0986632 
0.0873534 0.0873534 
0.0761822 0.0761822 
0.0651614 0.0651614 
0.0543781 0.0543781 
0.0905439 0.0905439 
0.123191 0.123191 
0.112262 0.112262 
0.101405 0.101405 
0.0906633 0.0906633 
0.0800422 0.0800422 
0.0695496 0.0695496 
0.05921 0.05921 
0.0590008 0.0590008 
0.124128 0.124128 
0.114205 0.114205 
0.103876 0.103876 
0.0936498 0.0936498 
0.0835291 0.0835291 
0.0735199 0.0735199 
0.0636335 0.0636335 
0.0554911 0.0554911 
0.12115 0.12115 
0.11596 0.11596 
0.106115 0.106115 
0.0963576 0.0963576 
0.0866936 0.0866936 
0.0771277 0.0771277 
0.0676667 0.0676667 
0.0586027 0.0586027 
0.100889 0.100889 
0.11751 0.11751 
0.108153 0.108153 
0.0988236 0.0988236 
0.0895779 0.0895779 
0.0804194 0.0804194 
0.0713525 0.0713525 
0.0624409 0.0624409 
0.0709844 0.0709844 
0.118544 0.118544 
0.110015 0.110015 
0.101079 0.101079 
0.0922173 0.0922173 
0.0834339 0.0834339 
0.0747318 0.0747318 
0.0661289 0.0661289 
0.0614303 0.0614303 
0.116975 0.116975 
0.111716 0.111716 
0.103149 0.103149 
0.0946413 0.0946413 
0.0862044 0.0862044 
0.0778403 0.0778403 
0.0695559 0.0695559 
0.0621673 0.0621673 
0.105052 0.105052 
0.113228 0.113228 
0.105055 0.105055 
0.096875 0.096875 
0.0887589 0.0887589 
0.0807086 0.0807086 
0.0727275 0.0727275 
0.0650082 0.0650082 
0.0812409 0.0812409 
0.114288 0.114288 
0.106815 0.106815 
0.0989399 0.0989399 
0.0911216 0.0911216 
0.083363 0.083363 
0.0756664 0.0756664 
0.068083 0.068083 
0.0676011 0.0676011 
0.113508 0.113508 
0.108436 0.108436 
0.100854 0.100854 
0.093313 0.093313 
0.0858262 0.0858262 
0.0783957 0.0783957 
0.0710371 0.0710371 
0.065548 0.065548 
0.10621 0.10621 
0.109884 0.109884 
0.102633 0.102633 
0.0953509 0.0953509 
0.088118 0.088118 
0.0809364 0.0809364 
0.073812 0.073812 
0.0672228 0.0672228 
0.0887604 0.0887604 
0.110937 0.110937 
0.104289 0.104289 
0.0972507 0.0972507 
0.0902554 0.0902554 
0.0833072 0.0833072 
0.0764087 0.0764087 
0.0696973 0.0696973 
0.0738138 0.0738138 
0.110632 0.110632 
0.105823 0.105823 
0.0990258 0.0990258 
0.0922533 0.0922533 
0.0855241 0.0855241 
0.0788399 0.0788399 
