0.0005 0.005
-5.68706e-266 5.97283e-266 
-9.73437e-06 2.06522e-05 
-0.0342467 0.00452782 
-0.000566521 -0.000585728 
0.00293932 -0.000821055 
0.035797 -0.148844 
-0.000765811 -0.000748373 
-0.00100398 0.00612922 
-0.0855821 0.0547067 
-0.00286456 -0.00075558 
0.00625197 -0.000987772 
0.0653001 -0.0511151 
0.000489831 -0.0347022 
-0.000951826 0.00500175 
-0.0320298 0.071423 
-0.0817395 0.00415827 
0.00345066 -0.000930755 
0.0746466 -0.0207002 
0.00980136 -0.0828677 
-0.000882823 0.000780195 
-0.0136708 0.0755393 
-0.068149 0.0162685 
-0.00930422 -0.000630951 
0.0741958 -0.00919685 
0.0227074 -0.053452 
0.000126177 -0.0337562 
-0.00630941 0.0705051 
-0.0413954 0.0286838 
-0.0569708 0.00163963 
0.0642627 -0.00442449 
0.0340233 -0.0319037 
0.00396001 -0.0636187 
-0.00315045 0.0547194 
-0.0245116 0.0386737 
-0.0595815 0.00694932 
0.0391356 -0.00218377 
0.0426233 -0.0187795 
0.0103841 -0.052109 
-0.00126707 0.0136293 
-0.0143506 0.0458523 
-0.0442904 0.0140442 
-0.0171129 -0.000193928 
0.0482824 -0.0109373 
0.0177537 -0.0371211 
0.00116937 -0.0389463 
-0.00829997 0.0496545 
-0.0308479 0.021387 
-0.0473458 0.0028751 
0.0492076 -0.00622848 
0.0248596 -0.0254705 
0.00490706 -0.0473879 
-0.00453307 0.0450784 
-0.020911 0.0281125 
-0.0438608 0.00720606 
0.0341179 -0.00304523 
0.0310943 -0.0170706 
0.00969507 -0.0391808 
-0.00162504 0.0147105 
-0.0138465 0.0337304 
-0.034364 0.0122968 
-0.00786354 -0.000168804 
0.035862 -0.0111358 
0.0149428 -0.0298074 
0.001388 -0.0247487 
-0.0088366 0.0371247 
-0.0256514 0.0175758 
-0.033026 0.00307414 
0.0367454 -0.00684948 
0.0201474 -0.0219292 
0.00489061 -0.0351311 
-0.00508062 0.0333649 
-0.0186278 0.0226101 
-0.0340043 0.00682003 
0.0253712 -0.00344648 
0.0249025 -0.0157129 
0.00883512 -0.0314624 
-0.001878 0.0124802 
-0.0131398 0.0269215 
-0.0284204 0.0109047 
-0.00247322 -0.000323195 
0.0284728 -0.0108583 
0.0129971 -0.0253056 
0.00125248 -0.0150296 
-0.00881591 0.0291962 
-0.0223087 0.0150801 
-0.0228189 0.00286786 
0.0284844 -0.00696056 
0.0171189 -0.019508 
0.00452902 -0.0262744 
-0.00524327 0.0254934 
-0.0169278 0.0190681 
-0.0268681 0.00623268 
0.0194646 -0.00362055 
0.0208594 -0.014565 
0.00796912 -0.0258707 
-0.00205612 0.0104889 
-0.0124025 0.0223795 
-0.0240899 0.00972423 
0.00012147 -0.000521875 
0.0234388 -0.0104162 
0.0114802 -0.0219788 
0.00100209 -0.00926514 
-0.00857872 0.0237338 
-0.0197766 0.0132143 
-0.0160201 0.0025281 
0.0228295 -0.00686205 
0.0148961 -0.0176044 
0.00406199 -0.0198787 
-0.00523959 0.0202183 
-0.0155189 0.0164803 
-0.0214405 0.00560416 
0.0155421 -0.00368747 
0.0178973 -0.0135426 
0.00715046 -0.0214788 
-0.00218543 0.00896399 
-0.0116789 0.0190379 
-0.0206132 0.00869254 
0.0014012 -0.000717281 
0.0197356 -0.00992154 
0.0102173 -0.0192567 
0.000728928 -0.00577951 
-0.00825875 0.0197525 
-0.017661 0.011705 
-0.0114639 0.00216112 
0.0187863 -0.00667682 
0.0131266 -0.015972 
0.00358343 -0.0152295 
-0.00516171 0.0165301 
-0.0142706 0.0144377 
-0.0172424 0.00499641 
0.0128136 -0.00370028 
0.015572 -0.0125994 
0.00639703 -0.0179245 
-0.00228101 0.00779266 
-0.0109783 0.0164314 
-0.0177047 0.00777829 
0.00204496 -0.000894456 
0.0168776 -0.00941463 
0.00912817 -0.0169199 
0.000466533 -0.00358511 
-0.00790803 0.0167295 
-0.0158036 0.0104279 
-0.00833693 0.00180671 
0.0157781 -0.00645444 
0.011649 -0.0145071 
0.00312834 -0.0118056 
-0.00504794 0.0138353 
-0.0131242 0.0127495 
-0.0139637 0.00443099 
0.0108217 -0.00368215 
0.0136687 -0.0117112 
0.00571118 -0.0150144 
-0.00235108 0.0068686 
-0.0103004 0.0143221 
-0.0152333 0.00696171 
0.00236043 -0.00104959 
0.0145979 -0.00890933 
0.00817055 -0.014875 
0.000226182 -0.00215061 
-0.00754639 0.0143596 
-0.0141384 0.0093192 
-0.00613299 0.00147856 
0.0134623 -0.00621465 
0.0103804 -0.0131659 
0.00270806 -0.00924412 
-0.00491413 0.0117888 
-0.0120542 0.0113151 
-0.01138 0.00391302 
0.00930528 -0.0036433 
0.0120697 -0.0108668 
0.00508908 -0.0126174 
-0.00240007 0.00611854 
-0.00964383 0.0125726 
-0.0131216 0.00622847 
0.00249602 -0.00118249 
0.0127347 -0.00841038 
0.00731893 -0.0130743 
1.08304e-05 -0.00118423 
-0.00718137 0.0124535 
-0.0126352 0.00834234 
-0.00454125 0.00118025 
0.0116277 -0.00596537 
