0.001 0.005
0 0 
-6.43322e-18 1.56275e-17 
-0.000412822 -0.000399986 
-0.000279963 -0.000278364 
-0.000249122 -0.000245152 
0.00861725 -0.169417 
-0.000427927 -0.000421683 
-0.00037288 -0.000371953 
-0.0731071 0.0317749 
-0.000500725 -0.000511637 
-0.000440112 -0.000443473 
0.0483166 -0.0324151 
-0.000571683 -0.0233135 
-0.000492106 -0.000486784 
-0.0132428 0.059131 
-0.128695 -0.000615166 
-0.000522858 -0.000529592 
0.0665589 -0.00480456 
-0.000331195 -0.090583 
-0.00056089 -0.000552885 
-0.00171076 0.0719322 
-0.0638559 0.00177691 
-0.000713156 -0.000588985 
0.0759865 -0.000810074 
0.00665516 -0.0443985 
-0.000615672 -0.104908 
-0.000606367 0.0791486 
-0.0299784 0.0131443 
-0.095992 -0.000641569 
0.0816771 -0.000578871 
0.019884 -0.0193318 
-0.00065052 -0.0768834 
-0.000589554 0.0837032 
-0.0117079 0.0261973 
-0.061322 -0.000505855 
0.0850544 -0.000615393 
0.0318716 -0.00659241 
0.000225405 -0.0485015 
-0.000647206 0.0599285 
-0.00348822 0.036904 
-0.0378471 0.00203693 
-0.0828794 -0.000677441 
0.0413537 -0.00183971 
0.00497806 -0.0289663 
-0.000704694 -0.0711566 
-0.00109233 0.0452939 
-0.0215965 0.00868688 
-0.0601709 -0.000718379 
0.0487954 -0.000808546 
0.01274 -0.0155649 
-0.000659368 -0.0505987 
-0.000723107 0.0519206 
-0.0107579 0.0168364 
-0.0422191 -0.000361999 
0.0546216 -0.000709564 
0.0208064 -0.00708774 
0.000421168 -0.034863 
-0.000718642 0.0353638 
-0.00445598 0.0245684 
-0.0284041 0.00186401 
-0.0556023 -0.000733393 
0.0280916 -0.00272055 
0.00395045 -0.0227503 
-0.000743353 -0.051807 
-0.00168833 0.0313716 
-0.0178382 0.00651903 
-0.0449644 -0.000721474 
0.0344173 -0.0011429 
0.00937288 -0.0136271 
-0.000595928 -0.0387437 
-0.000890287 0.0372399 
-0.0100928 0.0123486 
-0.0331171 -0.000240234 
0.0395194 -0.000790541 
0.0153334 -0.00721849 
0.000484304 -0.0280298 
-0.000760338 0.0246777 
-0.00498156 0.0182572 
-0.0234397 0.00165596 
-0.0386453 -0.000755424 
0.0210805 -0.00333908 
0.00325775 -0.0193166 
-0.000746261 -0.0412112 
-0.00221767 0.023783 
-0.015641 0.00520245 
-0.0365149 -0.000693371 
0.0263558 -0.0015151 
0.00737943 -0.012403 
-0.000529897 -0.0319635 
-0.00111575 0.02878 
-0.00959934 0.00968806 
-0.0277622 -0.00016549 
0.030465 -0.000911993 
0.0120506 -0.00723041 
0.000483638 -0.0238967 
-0.000819383 0.0189471 
-0.00529406 0.0144124 
-0.0203508 0.00145957 
-0.0268313 -0.000777994 
0.0167376 -0.00377833 
0.00274996 -0.0171132 
-0.000741574 -0.0342001 
-0.00265454 0.0190036 
-0.0141782 0.00430203 
-0.0310928 -0.000661804 
0.0211953 -0.00187385 
0.00604641 -0.0115449 
-0.000478666 -0.0275574 
-0.0013707 0.0232617 
-0.00921622 0.00791585 
-0.0242212 -0.000125382 
0.0244226 -0.00107194 
0.00985435 -0.00719713 
0.000453381 -0.0211134 
-0.000907553 0.0153468 
-0.00549172 0.0118193 
-0.01823 0.00128378 
-0.0185082 -0.000816347 
0.0137802 -0.00409902 
0.00235748 -0.015567 
-0.000744407 -0.0289072 
-0.00300875 0.0157155 
-0.013124 0.00364022 
-0.0272505 -0.000638845 
0.0176056 -0.0021976 
0.00508523 -0.0109028 
-0.000444624 -0.0244479 
-0.00162879 0.0193651 
-0.00890813 0.00664503 
-0.0216968 -0.000108648 
0.0201204 -0.00125456 
0.00827768 -0.00714595 
0.000409419 -0.0191036 
-0.00102168 0.0128579 
-0.00562212 0.00994956 
-0.0166764 0.0011283 
-0.0126828 -0.000875617 
0.0116348 -0.00433971 
0.00204276 -0.0144156 
-0.000762916 -0.0245708 
-0.00329653 0.0133135 
-0.0123226 0.00312961 
-0.0243031 -0.000630576 
0.0149607 -0.00248184 
0.00435569 -0.0104003 
-0.000427569 -0.0221147 
-0.00187514 0.0164596 
-0.00865362 0.00568615 
-0.0197985 -0.000108549 
0.0169196 -0.00144546 
0.00708859 -0.00708835 
0.000358972 -0.017579 
-0.00115375 0.0110257 
-0.00571061 0.00853605 
-0.015485 0.000990488 
-0.00861353 -0.000954644 
0.0100064 -0.00452478 
0.00178335 -0.013521 
-0.000799831 -0.0208715 
-0.00353235 0.0114809 
-0.0116896 0.00272163 
-0.0218897 -0.000639576 
0.0129284 -0.00272889 
0.003781 -0.00999394 
-0.000427006 -0.0202729 
-0.00210317 0.0142071 
-0.00843889 0.00493519 
-0.0183101 -0.000121592 
0.0144595 -0.0016349 
0.00615854 -0.0070295 
0.000304982 -0.0163785 
-0.0012958 0.00961569 
-0.0057717 0.00742911 
-0.0145393 0.000867194 
-0.00575972 -0.00104939 
0.00872762 -0.00467002 
0.0015647 -0.0128033 
-0.000854305 -0.0176727 
-0.00372762 0.0100357 
-0.0111748 0.0023868 
-0.0198113 -0.000665976 
0.0113158 -0.00294322 
0.00331531 -0.00965711 
-0.000442177 -0.0187523 
-0.00231093 0.0124093 
-0.00825465 0.0043301 
-0.0171013 -0.000146033 
0.0125195 -0.00181718 
0.00541043 -0.00697183 
0.000248283 -0.0154045 
-0.00144158 0.0084944 
-0.00581421 0.00653823 
-0.0137678 0.000755291 
-0.00374364 -0.00115515 
0.00769625 -0.00478599 
0.00137673 -0.0122129 
-0.000923654 -0.0149073 
-0.00389103 0.00886597 
-0.0107467 0.00210599 
-0.0179576 -0.000708316 
0.010004 -0.00312952 
0.00292937 -0.00937232 
-0.0004719 -0.0174463 
-0.00249876 0.0109424 
-0.00809435 0.00383144 
-0.0160879 -0.00018084 
0.0109575 -0.00198938 
0.00479514 -0.00691643 
0.0001888 -0.0145933 
-0.00158666 0.00757979 
-0.00584373 0.00580542 
-0.0131242 0.000651925 
-0.00230753 -0.00126765 
0.00684646 -0.00487993 
0.00121209 -0.0117173 
-0.00100457 -0.0125305 
-0.00402912 0.0078992 
-0.0103839 0.00186602 
-0.0162684 -0.000764281 
0.00891542 -0.0032921 
0.00260351 -0.00912766 
-0.000514584 -0.0162864 
-0.00266806 0.00972418 
-0.00795326 0.00341283 
-0.015213 -0.000225136 
0.00967753 -0.0021503 
0.00427978 -0.00686375 
0.000126197 -0.0139017 
-0.00172819 0.00681854 
-0.00586395 0.00519176 
-0.0125765 0.000554648 
-0.00127674 -0.00138345 
0.00613385 -0.00495696 
0.00106524 -0.011294 
-0.00109381 -0.0105021 
-0.00414688 0.00708636 
-0.0100717 0.00165746 
-0.0147126 -0.000831264 
0.00799737 -0.00343465 
0.00232389 -0.00891465 
-0.000568376 -0.0152282 
-0.00282061 0.00869791 
-0.00782785 0.00305588 
-0.0144371 -0.000277967 
0.0086129 -0.00229975 
0.00384149 -0.00681389 
6.02099e-05 -0.0132988 
-0.00186443 0.00617445 
-0.00587737 0.00467011 
-0.0121018 0.000461475 
-0.000532511 -0.00149993 
0.00552744 -0.00502077 
0.000931915 -0.0109268 
-0.00118855 -0.00878183 
-0.00424812 0.00639312 
-0.00979937 0.00147329 
-0.0132747 -0.000906709 
0.00721284 -0.00356026 
0.00208045 -0.00872702 
-0.000631334 -0.0142434 
-0.00295823 0.00782299 
-0.00771539 0.00274729 
-0.0137321 -0.00033826 
0.00771582 -0.00243809 
0.00346378 -0.00676682 
-9.22463e-06 -0.0127621 
-0.00199442 0.00562198 
-0.00588574 0.00422093 
-0.0116834 0.000370891 
6.60743e-06 -0.0016152 
0.00500488 -0.0050741 
0.000808839 -0.0106037 
-0.00128645 -0.00733011 
-0.00433582 0.00579475 
-0.00955896 0.00130818 
-0.0119473 -0.000988313 
0.00653494 -0.00367149 
0.00186561 -0.00856005 
-0.000701572 -0.0133145 
-0.00308264 0.00706951 
-0.00761375 0.00247719 
-0.0130783 -0.000404868 
0.00695133 -0.00256598 
0.00313445 -0.00672237 
-8.19578e-05 -0.0122747 
-0.00211775 0.0051426 
-0.00589029 0.0038298 
-0.0113082 0.000281815 
0.000397161 -0.00172796 
0.00454968 -0.005119 
0.000693501 -0.0103154 
-0.00138568 -0.00610916 
-0.00441229 0.00527293 
-0.00934425 0.00115805 
-0.0107264 -0.0010741 
0.00594363 -0.00377048 
0.0016736 -0.00841001 
-0.000777356 -0.0124314 
-0.0031954 0.00641487 
-0.0075212 0.00223804 
-0.0124616 -0.000476629 
0.00629326 -0.00268418 
0.00284424 -0.00668035 
-0.000157665 -0.0118238 
-0.0022343 0.00472251 
-0.00589193 0.00348578 
-0.0109664 0.000193535 
0.000678894 -0.00183736 
0.00414936 -0.00515704 
0.000584012 -0.0100547 
-0.00148483 -0.00508447 
-0.00447938 0.00481378 
-0.00915032 0.00101972 
-0.00960889 -0.00116243 
0.00542362 -0.00385898 
0.00149991 -0.00827393 
-0.00085715 -0.0115885 
-0.0032979 0.00584168 
-0.00743632 0.00202401 
-0.0118724 -0.000552426 
0.00572174 -0.00279348 
0.00258596 -0.00664054 
-0.000235902 -0.0113999 
-0.00234421 0.0043512 
-0.00589131 0.00318041 
-0.0106501 0.000105636 
0.000880107 -0.00194287 
0.0037943 -0.00518943 
0.000478974 -0.0098158 
-0.00158287 -0.00422543 
-0.00453857 0.00440659 
-0.0089732 0.000890749 
-0.00859114 -0.00125199 
0.00496303 -0.00393846 
0.00134104 -0.00814937 
-0.000939643 -0.0107835 
-0.00339133 0.00533631 
-0.0073579 0.00183051 
-0.0113043 -0.000631228 
0.00522139 -0.00289468 
0.002354 -0.0066027 
-0.000316161 -0.0109957 
-0.00244773 0.00402051 
-0.0058889 0.00290708 
-0.010353 1.79218e-05 
0.0010212 -0.00204419 
0.00347693 -0.00521712 
0.000377379 -0.00959395 
-0.00167906 -0.00350551 
-0.00459104 0.00404293 
-0.00880963 0.000769262 
-0.00766883 -0.00134175 
0.00455244 -0.00401014 
0.00119421 -0.0080343 
-0.00102373 -0.0100157 
-0.00347676 0.00488792 
-0.0072849 0.00165389 
-0.0107531 -0.000712113 
0.00478017 -0.0029885 
0.00214387 -0.00656659 
-0.000397913 -0.0106057 
-0.00254518 0.00372403 
-0.00588504 0.00266049 
