0.0005 0.01
-1.11093e-251 1.17498e-251 
-1.00139e-05 2.12149e-05 
-0.0337285 0.00442982 
-0.000564987 -0.00058405 
0.00291303 -0.00081942 
0.0356594 -0.148303 
-0.000763179 -0.000745639 
-0.0010012 0.00604172 
-0.0853699 0.0545959 
-0.00281548 -0.000755248 
0.00615062 -0.00098457 
0.0652018 -0.051 
0.000479191 -0.0342233 
-0.000948352 0.00491486 
-0.03196 0.0713203 
-0.0811139 0.00413486 
0.00338759 -0.000927172 
0.0745216 -0.0206557 
0.00976984 -0.0825383 
-0.000879886 0.000767209 
-0.0136416 0.075371 
-0.0679766 0.0162333 
-0.00914421 -0.00063031 
0.0739612 -0.00917727 
0.0226707 -0.0533474 
0.000122836 -0.0333008 
-0.00629583 0.0701844 
-0.0413244 0.028646 
-0.0564692 0.00163164 
0.063851 -0.0044148 
0.0339836 -0.0318522 
0.00394777 -0.0632805 
-0.00314359 0.0542462 
-0.0244727 0.0386302 
-0.0593791 0.00693379 
0.0387007 -0.00217947 
0.0425727 -0.0187495 
0.0103662 -0.0519831 
-0.00126542 0.0134232 
-0.0143272 0.0457902 
-0.0442059 0.0140246 
-0.0170007 -0.000195092 
0.0482025 -0.010919 
0.0177326 -0.0370603 
0.00116543 -0.0386946 
-0.00828578 0.0495494 
-0.0308018 0.0213645 
-0.0471215 0.00286862 
0.0490701 -0.00621781 
0.0248351 -0.0254342 
0.00489838 -0.0472271 
-0.00452554 0.0449076 
-0.0208817 0.0280852 
-0.0437496 0.00719556 
0.0339386 -0.00304059 
0.031063 -0.0170467 
0.00968305 -0.039102 
-0.00162308 0.0145912 
-0.0138269 0.0336934 
-0.0343057 0.0122834 
-0.0078659 -0.000169283 
0.0358172 -0.0111199 
0.0149282 -0.0297626 
0.00138534 -0.0246655 
-0.00882399 0.0370692 
-0.0256158 0.0175599 
-0.032921 0.0030696 
0.0366765 -0.0068398 
0.0201299 -0.0219002 
0.00488444 -0.0350376 
-0.00507362 0.0332824 
-0.0186037 0.0225905 
-0.0339296 0.00681246 
0.0252843 -0.00344194 
0.0248803 -0.0156929 
0.00882632 -0.0314041 
-0.00187569 0.0124142 
-0.0131231 0.0268959 
-0.0283746 0.0108948 
-0.00249216 -0.000322882 
0.0284427 -0.0108446 
0.012986 -0.025269 
0.00125103 -0.0150016 
-0.00880488 0.0291603 
-0.0222788 0.0150679 
-0.0227655 0.00286486 
0.0284414 -0.00695194 
0.0171054 -0.0194833 
0.00452467 -0.026216 
-0.00523686 0.0254436 
-0.0169071 0.0190531 
-0.0268147 0.00622713 
0.0194132 -0.00361615 
0.0208425 -0.0145476 
0.0079625 -0.0258252 
-0.00205354 0.0104475 
-0.012388 0.0223604 
-0.0240521 0.0097166 
0.000103295 -0.000520941 
0.0234166 -0.0104042 
0.0114716 -0.0219474 
0.00100155 -0.00925616 
-0.00856889 0.0237079 
-0.0197505 0.0132047 
-0.0159913 0.00252626 
0.0227993 -0.00685423 
0.0148854 -0.0175825 
0.00405898 -0.0198408 
-0.00523362 0.0201843 
-0.0155005 0.0164684 
-0.0214014 0.0056001 
0.0155076 -0.00368317 
0.017884 -0.013527 
0.00714544 -0.0214427 
-0.00218265 0.00893545 
-0.0116659 0.0190228 
-0.0205815 0.00868662 
0.001386 -0.000715882 
0.0197183 -0.00991063 
0.0102105 -0.0192294 
0.000729082 -0.00577782 
-0.00824976 0.0197326 
-0.0176378 0.0116974 
-0.0114476 0.00216015 
0.0187635 -0.00666957 
0.013118 -0.0159523 
0.00358144 -0.0152041 
-0.00515603 0.0165051 
-0.0142538 0.0144281 
-0.0172135 0.00499349 
0.0127887 -0.00369603 
0.0155612 -0.0125851 
0.00639326 -0.0178957 
-0.00227806 0.00777169 
-0.0109663 0.0164192 
-0.0176781 0.0077737 
0.00203248 -0.000892696 
0.0168637 -0.00940451 
0.00912279 -0.0168962 
0.000467215 -0.00358639 
-0.00789963 0.0167136 
-0.0157829 0.0104217 
-0.00832745 0.00180641 
0.0157602 -0.00644757 
0.011642 -0.0144891 
0.00312714 -0.0117882 
-0.00504245 0.0138161 
-0.0131088 0.0127416 
-0.0139421 0.00442896 
0.0108027 -0.00367792 
0.0136598 -0.011698 
0.00570837 -0.0149914 
-0.00234798 0.00685248 
-0.0102892 0.014312 
-0.015211 0.00695817 
0.00235013 -0.00104753 
0.0145864 -0.00889979 
0.0081663 -0.0148544 
0.000227287 -0.00215309 
-0.00753839 0.0143465 
-0.0141198 0.00931423 
-0.00612746 0.00147879 
0.0134479 -0.00620803 
0.0103747 -0.0131495 
0.00270749 -0.00923206 
-0.00490875 0.0117735 
-0.0120399 0.0113086 
-0.0113637 0.00391171 
0.00929034 -0.00363904 
0.0120622 -0.0108544 
0.00508707 -0.0125991 
-0.00239683 0.00610576 
-0.00963318 0.0125641 
-0.013103 0.00622578 
0.00248742 -0.00118018 
0.0127251 -0.00840127 
0.00731558 -0.0130564 
1.22872e-05 -0.00118715 
-0.00717366 0.0124427 
-0.0126187 0.00833833 
-0.00453809 0.00118092 
0.0116159 -0.00595891 
