0.0005 0.01
0 0 
-3.05177e-115 5.28094e-115 
-2.05078e-44 6.34821e-44 
-8.02942e-15 6.71274e-13 
-0.00193655 0.659141 
-0.226042 0.197579 
-0.533204 -0.00809736 
-0.0450788 -0.00875137 
-0.00724399 -0.0080552 
-0.00698921 -0.00760466 
-0.00673471 -0.00706613 
-0.00637139 -0.00635423 
0.32682 -0.00560458 
0.358001 -0.00492987 
0.204592 -0.0147862 
0.075692 -0.0959278 
-0.00227716 -0.207179 
-0.0102865 -0.316027 
-0.00945681 -0.417202 
-0.0089076 -0.00834188 
-0.00829453 -0.00802693 
-0.00752645 0.37084 
-0.00672311 0.298945 
-0.0061763 0.206565 
-0.0176285 0.122178 
-0.0670183 0.0488648 
-0.13354 -0.000185097 
-0.201861 -0.0107704 
-0.268357 -0.0100992 
-0.331279 -0.0095073 
0.159253 -0.00887087 
0.273794 -0.00809151 
0.207596 -0.00727552 
0.14525 -0.00711476 
0.0873487 -0.0183325 
0.0363266 -0.0537028 
0.000113144 -0.100699 
-0.0113578 -0.150141 
-0.0112799 -0.199243 
-0.0106985 -0.247194 
-0.0100551 0.259416 
-0.00925913 0.20789 
-0.00842253 0.158579 
-0.00866574 0.111701 
-0.0190443 0.0678556 
-0.0464234 0.0289212 
-0.0824887 0.000146013 
-0.121013 -0.011339 
-0.159784 -0.0119325 
-0.19805 -0.0113278 
0.20825 -0.0106611 
0.167618 -0.0098524 
0.128386 -0.00902372 
0.0908918 -0.00961767 
0.0556767 -0.0190576 
0.024218 -0.0412905 
0.000240606 -0.0704127 
-0.0109521 -0.101863 
-0.0122575 -0.133824 
-0.0116807 -0.165603 
-0.0110018 0.173895 
-0.0101909 0.140445 
-0.00939448 0.107905 
-0.0102566 0.0767016 
-0.0188222 0.0473131 
-0.0374736 0.020926 
-0.0618054 0.000319057 
-0.0883039 -0.0104427 
-0.11544 -0.0124005 
-0.142518 -0.0119085 
0.149224 -0.0112229 
0.120874 -0.0104141 
0.0930962 -0.00966482 
0.0663999 -0.0107175 
0.041203 -0.0185082 
0.0184791 -0.0345272 
0.0003783 -0.0553607 
-0.00990246 -0.0782028 
-0.0124133 -0.101742 
-0.0120595 -0.125129 
-0.0113732 0.130636 
-0.0105693 0.106097 
-0.00987503 0.0818801 
-0.0110556 0.0585676 
-0.0181698 0.0365272 
-0.0321741 0.0165713 
-0.0503441 0.000411406 
-0.0703779 -0.00938329 
-0.0911339 -0.0123405 
-0.111316 -0.012167 
0.116128 -0.0114887 
0.0945475 -0.0106918 
0.0730915 -0.0100553 
0.0524115 -0.0113159 
0.0328318 -0.0178407 
0.0150401 -0.0302544 
0.000430309 -0.0463311 
-0.00889488 -0.064142 
-0.0122001 -0.082681 
-0.0122346 -0.0997562 
-0.0115762 0.104483 
-0.0107883 0.0852644 
-0.010209 0.0660115 
-0.0115142 0.0474363 
-0.0175239 0.0298272 
-0.0286505 0.0137736 
-0.0430401 0.000431816 
-0.0590488 -0.00845015 
-0.0757804 -0.0120189 
-0.0895636 -0.0122754 
0.0949324 -0.0116509 
0.0776435 -0.0108744 
0.0601885 -0.0103493 
0.043334 -0.0116731 
0.0273378 -0.0172304 
0.0127106 -0.0272942 
0.00042625 -0.0402962 
-0.00804219 -0.0548151 
-0.0118048 -0.0700455 
-0.0122856 -0.0801765 
-0.01171 0.0869534 
-0.0109478 0.071269 
-0.0104729 0.0553084 
-0.0117966 0.0398862 
-0.0169542 0.0252338 
-0.0261259 0.0117981 
-0.037967 0.00040967 
-0.0512344 -0.00767531 
-0.0651971 -0.0115756 
-0.071249 -0.0122747 
0.0801914 -0.0117624 
0.0658617 -0.011018 
0.0511629 -0.0105886 
0.036951 -0.0118987 
0.0234352 -0.016701 
0.0110095 -0.0251133 
0.000390419 -0.0359695 
-0.00733992 -0.048171 
-0.011333 -0.061048 
-0.0122387 -0.0626266 
-0.0118027 0.0743829 
-0.0110805 0.0612116 
-0.0106918 0.0475918 
-0.0119787 0.0344158 
-0.0164635 0.0218736 
-0.0242217 0.0103149 
-0.0342319 0.000363976 
-0.045515 -0.00703864 
-0.0574491 -0.0110893 
-0.0542712 -0.0121862 
0.0693439 -0.0118375 
0.0571737 -0.0111422 
0.0444871 -0.0107899 
0.0322077 -0.0120467 
0.0205085 -0.0162463 
0.00970234 -0.023435 
0.000337344 -0.032711 
-0.00676228 -0.0431949 
-0.0108428 -0.0542987 
-0.0121139 -0.0462393 
-0.011861 0.0649263 
-0.0111977 0.0536295 
-0.0108779 0.041758 
-0.0121001 0.0302618 
-0.0160421 0.0192997 
-0.0227307 0.00915261 
-0.0313635 0.000305779 
-0.0411457 -0.00651343 
-0.0515075 -0.0106022 
-0.0386152 -0.0120299 
0.061026 -0.0118788 
0.0504976 -0.0112529 
0.0393439 -0.0109623 
0.0285378 -0.0121468 
0.0182253 -0.0158552 
0.00866052 -0.022101 
0.0002754 -0.0301659 
-0.00628387 -0.0393271 
-0.0103642 -0.0490152 
-0.0119312 -0.0314995 
-0.0118856 0.0575529 
-0.0113023 0.0477051 
-0.0110383 0.0371885 
-0.0121834 0.0269948 
-0.0156788 0.0172593 
-0.0215298 0.00821249 
-0.0290898 0.000241454 
-0.0376975 -0.00607645 
-0.0467632 -0.0101354 
-0.0249641 -0.0118251 
0.0544444 -0.0118865 
0.0452036 -0.011351 
0.0352561 -0.0111117 
0.0256096 -0.0122164 
0.0163898 -0.015517 
0.00780687 -0.0210139 
0.000209438 -0.0281218 
-0.00588391 -0.0362332 
-0.00991158 -0.0447134 
-0.0117085 -0.0190617 
-0.0118768 0.0516418 
-0.0113936 0.0429452 
-0.0111779 0.0335094 
-0.0122419 0.0243546 
-0.0153637 0.0155985 
-0.0205411 0.00743333 
-0.0272421 0.000174714 
-0.0349056 -0.00570933 
-0.0428248 -0.00969818 
-0.0138034 -0.0115881 
0.0491059 -0.0118616 
0.0409 -0.0114349 
0.0319265 -0.011242 
0.023216 -0.0122659 
0.014879 -0.0152229 
0.00709214 -0.0201105 
0.000142295 -0.0264434 
-0.00554626 -0.0337005 
-0.00949064 -0.0410724 
-0.0114606 -0.00918228 
-0.0118366 0.0467964 
-0.0114697 0.0390348 
-0.0112997 0.0304812 
-0.0122841 0.022174 
-0.0150889 0.0142177 
-0.0197126 0.00677499 
-0.0257107 0.000107735 
-0.0325972 -0.00539791 
-0.0394269 -0.00929365 
-0.00516107 -0.011332 
0.0446879 -0.0118067 
0.0373305 -0.0115026 
0.02916 -0.0113558 
0.0212205 -0.0123019 
0.0136115 -0.0149656 
0.00648324 -0.0193479 
7.56312e-05 -0.0250403 
-0.00525853 -0.0315868 
-0.00910265 -0.037872 
-0.011199 -0.00169786 
-0.011768 0.0427516 
-0.0115288 0.0357632 
-0.0114059 0.0279436 
-0.0123153 0.0203408 
-0.014848 0.0130498 
-0.0190085 0.00620997 
-0.0244206 4.1789e-05 
-0.0306538 -0.00513132 
-0.0363863 -0.00892175 
0.00126516 -0.0110668 
0.0409706 -0.0117254 
0.0343203 -0.0115525 
0.0268234 -0.0114544 
0.01953 -0.0123287 
0.0125314 -0.0147395 
0.00595708 -0.0186957 
1.04104e-05 -0.0238499 
-0.00501118 -0.0297925 
-0.00874659 -0.0349602 
-0.0109321 0.00377977 
-0.0116752 0.0393235 
-0.0115696 0.032984 
-0.0114973 0.025785 
-0.0123386 0.0187767 
-0.0146356 0.0120477 
-0.0184029 0.00571871 
-0.0233191 -2.23919e-05 
-0.0289908 -0.0049012 
-0.0335784 -0.00858083 
0.00590444 -0.0107994 
0.0377989 -0.0116219 
0.0317461 -0.0115838 
0.0248227 -0.0115386 
0.0180783 -0.0123489 
0.0115988 -0.0145397 
0.00549697 -0.0181318 
-5.28261e-05 -0.0228274 
-0.00479685 -0.0282453 
-0.00842043 -0.0322361 
-0.0106657 0.00768676 
-0.0115624 0.0363805 
-0.0115916 0.0305927 
-0.0115746 0.0239253 
-0.0123562 0.0174256 
-0.0144477 0.0111776 
-0.0178768 0.00528689 
-0.0223675 -8.44085e-05 
-0.0275459 -0.00470102 
-0.0309228 -0.00826859 
0.00917683 -0.0105349 
0.0350604 -0.0115005 
0.0295184 -0.0115963 
0.0230894 -0.0116088 
0.0168172 -0.012364 
0.0107845 -0.0143625 
0.00509056 -0.0176398 
-0.000113796 -0.0219395 
-0.00460979 -0.0268907 
-0.0081217 -0.0296371 
-0.010404 0.0104131 
-0.0114337 0.0338259 
-0.011595 0.0285123 
-0.011638 0.0223058 
-0.0123692 0.0162458 
-0.0142807 0.0104141 
-0.0174161 0.00490378 
-0.0215373 -0.000144065 
-0.0262715 -0.00452569 
-0.0283727 -0.00798251 
0.011435 -0.0102764 
0.0326715 -0.0113652 
0.0275707 -0.0115906 
0.0215725 -0.0116651 
0.0157107 -0.0123747 
0.0100668 -0.0142046 
0.00472845 -0.0172072 
-0.000172376 -0.0211612 
-0.00444544 -0.025687 
-0.00784789 -0.0271303 
-0.0101496 0.0122717 
-0.0112929 0.0315872 
-0.0115807 0.026685 
-0.0116876 0.0208821 
-0.012378 0.0152062 
-0.0141315 0.0097382 
-0.0170096 0.00456115 
-0.0208064 -0.000201292 
-0.0251307 -0.00437114 
-0.0259065 -0.00772008 
0.012953 -0.0100261 
0.0305689 -0.0112195 
0.0258525 -0.0115679 
0.0202332 -0.0117078 
0.0147316 -0.0123814 
0.00942885 -0.0140633 
0.0044034 -0.0168243 
-0.000228544 -0.0204731 
-0.00430018 -0.0246014 
-0.00759657 -0.0247036 
-0.00990407 0.0135003 
-0.0111433 0.0296088 
-0.0115501 0.0250666 
-0.0117236 0.0196202 
-0.0123828 0.0142826 
-0.0139977 0.00913522 
-0.0166486 0.00425255 
-0.0201576 -0.0002561 
-0.0240943 -0.00423414 
-0.0235203 -0.00747898 
0.0139354 -0.00978532 
0.0287036 -0.0110665 
0.024325 -0.0115295 
0.0190417 -0.011737 
0.0138585 -0.012384 
0.00885765 -0.0139361 
0.00410967 -0.0164833 
-0.000282335 -0.0198599 
-0.0041711 -0.0236083 
-0.00736548 -0.0223593 
-0.00966843 0.0142739 
-0.0109878 0.0278474 
-0.0115047 0.0236226 
-0.0117464 0.0184935 
-0.0123835 0.0134562 
-0.0138769 0.00859358 
-0.0163263 0.0039729 
-0.0195772 -0.000308544 
-0.0231396 -0.00411204 
-0.0212209 -0.00725706 
0.0145314 -0.00955462 
0.0270373 -0.0109087 
0.0229574 -0.0114772 
0.0179742 -0.0117531 
0.0130748 -0.0123824 
0.00834292 -0.0138209 
0.0038427 -0.0161779 
-0.000333822 -0.0193092 
-0.00405582 -0.0226871 
-0.00715261 -0.0201075 
-0.0094431 0.0147197 
-0.0108286 0.0262689 
-0.0114463 0.0223258 
-0.0117565 0.017481 
-0.0123799 0.0127122 
-0.0137672 0.00810409 
-0.0160369 0.00371808 
-0.019054 -0.000358711 
-0.0222484 -0.00400272 
-0.0190206 -0.00705237 
0.0148494 -0.00933428 
0.0255394 -0.0107482 
0.0217255 -0.0114127 
0.0170121 -0.0117568 
