0.0005 0.005
1.64015e-273 1.64015e-273 
1.12211e-20 1.12211e-20 
1.45659e-07 1.45659e-07 
0.00577332 0.00577332 
0.419027 0.419027 
0.361123 0.361123 
0.139486 0.139486 
0.0268826 0.0268826 
-0.00228699 -0.00228699 
-0.00489841 -0.00489841 
-0.00439574 -0.00439574 
-0.00353052 -0.00353052 
0.0138183 0.0138183 
0.194933 0.194933 
0.303192 0.303192 
0.220535 0.220535 
0.131084 0.131084 
0.0629349 0.0629349 
0.0208488 0.0208488 
0.00162202 0.00162202 
-0.00372436 -0.00372436 
0.00275718 0.00275718 
0.0685027 0.0685027 
0.212831 0.212831 
0.231198 0.231198 
0.180299 0.180299 
0.124095 0.124095 
0.0757314 0.0757314 
0.0388805 0.0388805 
0.0148582 0.0148582 
0.0043182 0.0043182 
0.018731 0.018731 
0.0981692 0.0981692 
0.190334 0.190334 
0.194961 0.194961 
0.159886 0.159886 
0.119191 0.119191 
0.0817728 0.0817728 
0.0505074 0.0505074 
0.0273415 0.0273415 
0.0167483 0.0167483 
0.0357626 0.0357626 
0.106463 0.106463 
0.169649 0.169649 
0.172596 0.172596 
0.147027 0.147027 
0.115511 0.115511 
0.0851337 0.0851337 
0.0584851 0.0584851 
0.037934 0.037934 
0.0296054 0.0296054 
0.0496474 0.0496474 
0.106997 0.106997 
0.15349 0.15349 
0.15702 0.15702 
0.137888 0.137888 
0.112581 0.112581 
0.0872247 0.0872247 
0.0643982 0.0643982 
0.0468551 0.0468551 
0.0411109 0.0411109 
0.0600734 0.0600734 
0.105381 0.105381 
0.141085 0.141085 
0.145354 0.145354 
