0.001 0.01
4.6348e-190 4.6348e-190 
2.77694e-20 2.77694e-20 
1.64297e-07 1.64297e-07 
0.00586135 0.00586135 
0.414756 0.414756 
0.359695 0.359695 
0.138867 0.138867 
0.0267697 0.0267697 
-0.0022477 -0.0022477 
-0.00484928 -0.00484928 
-0.00434747 -0.00434747 
-0.00346979 -0.00346979 
0.0139345 0.0139345 
0.192163 0.192163 
0.301206 0.301206 
0.21972 0.21972 
0.130626 0.130626 
0.0627101 0.0627101 
0.0207971 0.0207971 
0.00166177 0.00166177 
-0.00364594 -0.00364594 
0.00289252 0.00289252 
0.0677777 0.0677777 
0.210204 0.210204 
0.229784 0.229784 
0.179574 0.179574 
0.123636 0.123636 
0.0754411 0.0754411 
0.0387335 0.0387335 
0.0148324 0.0148324 
0.00440208 0.00440208 
0.0187713 0.0187713 
0.0968999 0.0968999 
0.188242 0.188242 
0.193734 0.193734 
0.159174 0.159174 
0.118708 0.118708 
0.0814327 0.0814327 
0.0502911 0.0502911 
0.0272534 0.0272534 
0.0167904 0.0167904 
0.0356252 0.0356252 
0.105126 0.105126 
0.167885 0.167885 
0.171453 0.171453 
0.146305 0.146305 
0.114999 0.114999 
0.0847535 0.0847535 
0.0582197 0.0582197 
0.0377966 0.0377966 
0.0295781 0.0295781 
0.0493607 0.0493607 
0.105742 0.105742 
0.151941 0.151941 
0.155923 0.155923 
0.137151 0.137151 
0.112041 0.112041 
0.0868121 0.0868121 
0.0640973 0.0640973 
0.0466764 0.0466764 
0.0410075 0.0410075 
0.0596846 0.0596846 
0.104231 0.104231 
0.139694 0.139694 
0.14429 0.14429 
