0.001 0.01
-1.54264e-188 1.66123e-188 
-2.77782e-18 4.24071e-18 
-3.51185e-06 1.18291e-05 
-0.0163444 0.262757 
-0.188617 0.28965 
-0.387718 0.0592732 
-0.147959 -0.0056812 
-0.00914281 -0.00746157 
-0.00559102 -0.00544502 
-0.00402754 -0.00422992 
0.0673682 -0.00481678 
0.281941 -0.0207379 
0.182236 -0.0737165 
0.0850024 -0.153792 
0.0228835 -0.228628 
-0.00249071 -0.204987 
-0.00660633 -0.0472047 
-0.00575733 0.00244301 
-0.00670389 0.14073 
-0.016909 0.213413 
-0.0446463 0.152789 
-0.0885353 0.0902748 
-0.139729 0.0415088 
-0.183243 0.0106897 
-0.172956 -0.00290332 
-0.0441142 -0.00615216 
0.139404 -0.00754785 
0.17931 -0.014197 
0.137894 -0.0312388 
0.0918661 -0.0591491 
0.0524344 -0.0943358 
0.0228164 -0.131371 
0.00450245 -0.159166 
-0.00394671 -0.126939 
-0.00748087 0.0854572 
-0.0124898 0.156745 
-0.0238203 0.128442 
-0.042914 0.0923173 
-0.068277 0.0594211 
-0.0970905 0.0323821 
-0.124983 0.0126993 
-0.133446 0.000654097 
-0.0120684 -0.00577937 
0.129896 -0.0109029 
0.121188 -0.0191717 
0.0923282 -0.0328572 
0.0642604 -0.0517489 
0.0398411 -0.0742791 
0.0203431 -0.0980383 
0.00643223 -0.115204 
-0.00246385 -0.0727599 
-0.00871668 0.0802252 
-0.0157339 0.112403 
-0.0261003 0.0919016 
-0.0405492 0.0677716 
-0.0583969 0.0457235 
-0.0781588 0.0270469 
-0.0958636 0.012428 
-0.0882455 0.00188761 
0.0149045 -0.00571045 
0.095306 -0.0126104 
0.0902253 -0.0211361 
0.0702944 -0.032561 
0.0504233 -0.0469084 
0.0328022 -0.0633352 
0.018144 -0.0795697 
0.00668684 -0.0847428 
-0.00203453 -0.0337173 
-0.00935429 0.0636677 
-0.0170552 0.0850723 
-0.0265361 0.0717164 
-0.038309 0.054176 
-0.0520509 0.0377114 
-0.0664202 0.0233805 
-0.0758696 0.0115296 
-0.0561546 0.00203381 
0.022522 -0.00584097 
0.0729168 -0.0133271 
0.0712767 -0.0216712 
0.0570113 -0.0316257 
0.041873 -0.0432631 
0.028084 -0.0558478 
0.016186 -0.0663421 
0.00624094 -0.062016 
-0.00212002 -0.0132 
-0.00969054 0.0514751 
-0.0174522 0.0674258 
-0.0261938 0.058655 
-0.0362383 0.045313 
-0.0472722 0.0322548 
-0.0575773 0.0205415 
-0.0602765 0.0104046 
-0.0351729 0.00169957 
0.0237772 -0.00605541 
0.0582299 -0.0135736 
0.0584268 -0.0215584 
0.0479192 -0.030447 
0.0358859 -0.0402091 
0.024543 -0.0498883 
0.0144095 -0.0556308 
0.00551036 -0.0451514 
-0.00242185 -0.00254987 
-0.00987579 0.0427981 
-0.0174201 0.0552572 
-0.0255062 0.0493744 
-0.0342726 0.0389145 
-0.0432272 0.0281565 
-0.0501532 0.0181868 
-0.0477748 0.00922809 
-0.0216982 0.00117388 
0.0229992 -0.00629045 
0.0480367 -0.0135946 
0.0491197 -0.0211457 
0.0411768 -0.0291633 
0.0313318 -0.03744 
0.0216898 -0.04469 
0.0127925 -0.0465865 
0.00468825 -0.0327955 
-0.00279978 0.00311109 
-0.0099777 0.0364125 
-0.0171828 0.0464155 
-0.0246559 0.0423721 
-0.0323567 0.0339712 
-0.0395496 0.0248728 
-0.0436301 0.0161589 
-0.0377749 0.00808198 
-0.0129764 0.000589999 
0.0215918 -0.00651684 
0.0405973 -0.0135002 
0.0420586 -0.0205862 
0.0359029 -0.027825 
0.0276692 -0.0348112 
0.0192871 -0.0399611 
0.0113215 -0.0388983 
0.00386334 -0.0237779 
-0.00318982 0.0061653 
-0.0100265 0.0315351 
-0.0168397 0.0397186 
-0.0237203 0.0368639 
-0.0304608 0.0299727 
-0.0360941 0.0221281 
-0.0378306 0.0143754 
-0.0298237 0.00700166 
-0.00723623 8.69907e-06 
0.0200451 -0.00672092 
0.0349388 -0.0133392 
0.0365097 -0.0199467 
0.0316223 -0.026452 
0.0246117 -0.0322658 
0.0172075 -0.0356055 
0.00998436 -0.0323898 
0.00307502 -0.0171712 
-0.00356257 0.00779546 
-0.0100347 0.0276863 
-0.016434 0.0344726 
-0.0227328 0.0323962 
-0.0285754 0.026635 
-0.0328169 0.0197699 
-0.0326854 0.0127867 
-0.0235209 0.0059998 
-0.0033919 -0.000542619 
0.0185355 -0.00689567 
0.0304875 -0.0131321 
0.0320267 -0.0192562 
0.0280546 -0.0250557 
0.0219944 -0.0297917 
0.0153759 -0.0315995 
0.00876851 -0.0269111 
0.00233962 -0.0122923 
-0.00390424 0.0086151 
-0.0100072 0.0245648 
-0.0159841 0.0302487 
-0.0217097 0.0286867 
