0.001 0.005
0 0 
-1.13678e-118 1.97276e-118 
-1.94978e-45 6.05742e-45 
-7.92827e-15 5.35788e-13 
-0.00218264 0.657375 
-0.227834 0.198091 
-0.534329 -0.00725252 
-0.0649845 -0.00844266 
-0.00692841 -0.0077649 
-0.00667021 -0.00733263 
-0.0064025 -0.00681884 
-0.00601472 -0.00613598 
0.201703 -0.00541508 
0.357051 -0.00476727 
0.203995 -0.0155836 
0.0757548 -0.0975327 
-0.00150157 -0.208643 
-0.00991706 -0.317376 
-0.00911858 -0.418583 
-0.00858916 -0.00793862 
-0.00799979 -0.00760923 
-0.00726117 0.313965 
-0.00648918 0.297835 
-0.00602723 0.205608 
-0.0185545 0.121477 
-0.0686026 0.0486661 
-0.135116 0.000319409 
-0.203375 -0.0103259 
-0.269825 -0.00972631 
-0.332788 -0.00915575 
0.0882283 -0.00854194 
0.272553 -0.0077921 
0.206448 -0.00700964 
0.14425 -0.00704128 
0.0866078 -0.0193073 
0.0360546 -0.0552678 
0.000520407 -0.102325 
-0.010761 -0.151737 
-0.0107858 -0.200807 
-0.0102512 -0.248733 
-0.0096477 0.257231 
-0.00889377 0.206604 
-0.00810584 0.157378 
-0.00865543 0.110639 
-0.0200307 0.067027 
-0.047971 0.0285099 
-0.0841455 0.000374187 
-0.122669 -0.0107466 
-0.161422 -0.0114029 
-0.199673 -0.0108499 
0.205605 -0.0102227 
0.166268 -0.00945569 
0.12712 -0.00868954 
0.0897568 -0.0096783 
0.0547608 -0.0200611 
0.0236866 -0.0428372 
0.000312245 -0.0721022 
-0.0104118 -0.103573 
-0.0117069 -0.135528 
-0.0111848 -0.167304 
-0.010545 0.170828 
-0.00977541 0.139041 
-0.00906173 0.106583 
-0.0103845 0.0755067 
-0.0198439 0.0463268 
-0.0390248 0.0203004 
-0.0635245 0.000262743 
-0.0900621 -0.00997254 
-0.117201 -0.011835 
-0.144324 -0.0113937 
0.145794 -0.0107471 
0.119421 -0.00998019 
0.091724 -0.00933814 
0.0651509 -0.0108984 
0.0401546 -0.0195399 
0.017772 -0.0360768 
0.000209812 -0.057097 
-0.00951592 -0.0799936 
-0.0118487 -0.103545 
-0.0115314 -0.127117 
-0.0108843 0.126906 
-0.0101237 0.104606 
-0.00956324 0.0804682 
-0.0112837 0.0572762 
-0.0192113 0.03543 
-0.0337232 0.0157992 
-0.0520947 0.000149974 
-0.0721963 -0.00907901 
-0.0929725 -0.0117851 
-0.113665 -0.0116238 
0.112152 -0.0109842 
0.0930207 -0.0102333 
0.0716432 -0.00975754 
0.0510813 -0.0115798 
0.0316901 -0.0188853 
0.0142094 -0.0317973 
8.50398e-05 -0.0480874 
-0.00867468 -0.0659776 
-0.0116679 -0.0845441 
-0.0116821 -0.102745 
-0.0110602 0.100312 
-0.0103225 0.08371 
-0.00992965 0.0645348 
-0.0118104 0.0460759 
-0.0185723 0.0286503 
-0.0301888 0.0128952 
-0.0448014 1.59743e-05 
-0.0608996 -0.00830731 
-0.0776659 -0.0115155 
-0.0935653 -0.0117136 
0.0906054 -0.0111208 
0.0760627 -0.0103998 
0.0586847 -0.0100852 
0.0419448 -0.0119929 
0.0261275 -0.0182773 
0.0117876 -0.0288235 
-5.49636e-05 -0.0420564 
-0.00797542 -0.0566739 
-0.01134 -0.0719456 
-0.0117216 -0.0856044 
-0.0111696 0.0825057 
-0.010469 0.0696677 
-0.0102264 0.0537839 
-0.0121383 0.0384745 
-0.0180008 0.0239969 
-0.0276481 0.0108382 
-0.0397268 -0.00012721 
-0.0531008 -0.00767708 
-0.0671119 -0.0111511 
-0.0785107 -0.0117099 
0.0756477 -0.0112098 
0.0642398 -0.0105334 
0.0496176 -0.010356 
0.035517 -0.0122556 
0.022172 -0.0177432 
0.0100141 -0.0266249 
-0.000199209 -0.0377243 
-0.00740846 -0.0500397 
-0.0109549 -0.0629728 
-0.0116805 -0.0720528 
-0.011242 0.069768 
-0.0105938 0.0595735 
-0.0104745 0.0460306 
-0.0123503 0.0329646 
-0.0175029 0.0205895 
-0.0257246 0.00929 
-0.0359829 -0.000270913 
-0.0473866 -0.00716691 
-0.0593866 -0.0107567 
-0.0660811 -0.0116364 
0.0646734 -0.0112677 
0.0555186 -0.0106517 
0.0429096 -0.010584 
0.0307387 -0.0124277 
0.0192031 -0.0172792 
0.00864823 -0.0249263 
-0.000341269 -0.0344546 
-0.00694879 -0.0450652 
-0.0105594 -0.0562481 
-0.0115793 -0.0605045 
-0.0112867 0.0602172 
-0.0107067 0.0519609 
-0.0106846 0.0401681 
-0.0124906 0.0287791 
-0.0170702 0.0179773 
-0.0242125 0.00807416 
-0.0331015 -0.000410531 
-0.0430158 -0.00675192 
-0.0534753 -0.0103656 
-0.0552698 -0.0115118 
0.0562878 -0.0112997 
0.048814 -0.0107597 
0.0377407 -0.0107778 
0.0270405 -0.0125423 
0.0168851 -0.0168753 
0.00755742 -0.0235706 
-0.000477938 -0.031895 
-0.0065733 -0.0411936 
-0.0101765 -0.0510054 
-0.0114353 -0.0503498 
-0.0113066 0.0527974 
-0.0108099 0.0460094 
-0.0108638 0.0355754 
-0.0125844 0.0254863 
-0.0166927 0.015905 
-0.0229894 0.00708883 
-0.0308118 -0.000543897 
-0.0395618 -0.00641131 
-0.0487873 -0.00999351 
-0.0457311 -0.0113521 
0.0496773 -0.0113079 
0.0434939 -0.0108578 
0.0336319 -0.0109436 
0.0240888 -0.0126192 
0.0150203 -0.0165219 
0.006662 -0.0224609 
-0.000607814 -0.0298341 
-0.00626357 -0.0380924 
-0.00981674 -0.046781 
-0.011263 -0.0414085 
-0.0113035 0.0468714 
-0.0109026 0.0412241 
-0.0110174 0.031877 
-0.0126474 0.0228244 
-0.0163614 0.0142169 
-0.0219776 0.00627077 
-0.0289465 -0.000670164 
-0.0367615 -0.00612896 
-0.0449528 -0.00964701 
-0.0373785 -0.01117 
0.0443354 -0.0112941 
0.0391653 -0.0109448 
0.0302846 -0.0110861 
0.0216752 -0.0126706 
0.0134841 -0.0162108 
0.00591103 -0.0215343 
-0.000730452 -0.0281373 
-0.00600556 -0.0355506 
-0.00948394 -0.0432758 
-0.0110736 -0.033638 
-0.0112795 0.0420318 
-0.0109835 0.0372887 
-0.0111495 0.0288325 
-0.0126892 0.0206253 
-0.0160688 0.0128124 
-0.0211256 0.00557844 
-0.0273961 -0.000789178 
-0.0344435 -0.00589261 
-0.0417269 -0.009328 
-0.0301812 -0.0109753 
0.0399308 -0.0112605 
0.035571 -0.0110192 
0.0275031 -0.0112086 
0.0196626 -0.0127043 
0.0121945 -0.0159351 
0.00527025 -0.020748 
-0.000845904 -0.0267149 
-0.00578858 -0.0334275 
-0.0091786 -0.0402879 
-0.0108754 -0.0270004 
-0.011237 0.0380064 
-0.0110514 0.0339921 
-0.011263 0.0262808 
-0.0127162 0.018776 
-0.0158087 0.0116236 
-0.0203975 0.0049833 
-0.0260862 -0.000901136 
-0.0324911 -0.00569299 
-0.0389424 -0.00903603 
-0.0240845 -0.0107752 
0.0362377 -0.0112098 
0.0325358 -0.0110802 
0.0251533 -0.0113136 
0.017957 -0.0127256 
0.0110948 -0.0156893 
0.00471572 -0.0200717 
-0.000954472 -0.0255045 
-0.00560455 -0.0316253 
-0.00889959 -0.0376778 
-0.0106746 -0.0214212 
-0.0111787 0.0346063 
-0.0111053 0.0311877 
-0.01136 0.0241096 
-0.0127326 0.0171977 
-0.0155762 0.010603 
-0.0197677 0.00446509 
-0.0249642 -0.00100641 
-0.0308216 -0.00552299 
-0.0364824 -0.0087695 
-0.0189957 -0.0105747 
0.0330973 -0.0111447 
0.0299362 -0.0111272 
0.0231409 -0.0114029 
0.0164919 -0.0127378 
0.0101447 -0.0154691 
0.00423013 -0.0194836 
-0.00105657 -0.0244614 
-0.00544724 -0.0300736 
-0.00864505 -0.0353476 
-0.0104753 -0.016793 
-0.0111075 0.0316969 
-0.0111453 0.0287707 
-0.011442 0.0222387 
-0.0127412 0.0158338 
-0.0153672 0.00971602 
-0.0192172 0.00400893 
-0.023992 -0.00110543 
-0.0293748 -0.00537715 
-0.0342651 -0.0085264 
-0.0147967 -0.0103772 
0.0303943 -0.0110679 
0.0276827 -0.0111602 
0.0213968 -0.0114779 
0.0152189 -0.0127432 
0.00931454 -0.0152706 
0.00380062 -0.0189672 
-0.00115264 -0.0235529 
-0.00531182 -0.0287204 
-0.00841286 -0.0332289 
-0.0102803 -0.0129913 
-0.0110259 0.0291791 
-0.0111714 0.0266642 
-0.0115103 0.0206088 
-0.0127437 0.0146425 
-0.0151785 0.00893726 
-0.0187318 0.00360365 
-0.0231409 -0.00119866 
-0.0281054 -0.0052512 
-0.0322333 -0.00830458 
-0.0113608 -0.0101852 
0.0280434 -0.010982 
0.0257089 -0.0111796 
0.01987 -0.0115397 
0.0141016 -0.0127431 
0.00858233 -0.0150909 
0.00341744 -0.0185101 
-0.00124315 -0.022754 
-0.00519451 -0.0275261 
-0.00820089 -0.0312743 
-0.0100915 -0.00989059 
-0.0109362 0.026979 
-0.0111845 0.0248106 
-0.0115658 0.0191753 
-0.0127412 0.0135924 
-0.0150072 0.00824739 
-0.0183005 0.00324069 
-0.0223894 -0.00128655 
-0.0269787 -0.00514179 
-0.0303479 -0.00810196 
-0.00856592 -0.00999988 
0.02598 -0.0108892 
0.0239645 -0.0111864 
0.0185213 -0.0115891 
0.0131125 -0.0127385 
0.00793108 -0.0149274 
0.00307303 -0.0181025 
-0.00132853 -0.0220456 
-0.00509233 -0.0264603 
-0.00800715 -0.0294515 
-0.00990995 -0.00737387 
-0.0108406 0.02504 
-0.0111853 0.0231657 
-0.0116094 0.017904 
-0.0127346 0.0126591 
-0.0148509 0.00763149 
-0.0179147 0.00291336 
-0.0217204 -0.00136952 
-0.0259677 -0.00504624 
-0.0285824 -0.00791662 
-0.00630163 -0.00982217 
0.0241543 -0.0107913 
0.0224106 -0.0111816 
0.0173207 -0.011627 
0.0122303 -0.01273 
0.00734761 -0.0147779 
0.00276144 -0.0177367 
-0.00140919 -0.0214127 
-0.00500289 -0.0254989 
-0.00782977 -0.027739 
-0.00973621 -0.00533816 
-0.0107409 0.023318 
-0.011175 0.0216952 
-0.0116418 0.0167682 
-0.0127243 0.0118238 
-0.0147077 0.00707786 
-0.0175675 0.00261634 
-0.0211206 -0.00144796 
-0.0250513 -0.00496242 
-0.0269195 -0.00774679 
-0.0044726 -0.00965246 
0.0225274 -0.01069 
0.0210168 -0.0111661 
0.0162445 -0.0116541 
0.0114381 -0.0127178 
0.00682149 -0.0146405 
0.00247792 -0.0174066 
-0.00148551 -0.0208433 
-0.00492425 -0.0246231 
-0.00766709 -0.026123 
-0.00957054 -0.00369577 
-0.0106383 0.0217785 
-0.0111548 0.0203721 
-0.0116638 0.0157468 
-0.0127104 0.0110713 
-0.0145758 0.00657717 
-0.0172532 0.00234536 
-0.0205792 -0.00152224 
-0.0242124 -0.00488857 
-0.0253482 -0.00759088 
-0.00299863 -0.00949083 
0.0210684 -0.0105865 
0.0197588 -0.0111413 
0.0152737 -0.0116712 
