0.0005 0.01
0 0 
-2.45718e-104 4.38556e-104 
-7.87859e-34 3.71166e-33 
-1.18297e-07 0.309631 
-0.113603 0.252512 
-0.434267 -0.00578557 
-0.0109425 -0.00752131 
-0.00544847 -0.00695771 
-0.00523325 -0.00649832 
-0.00500245 -0.00576595 
-0.00233975 -0.00491944 
0.294212 -0.00417188 
0.147719 -0.0180711 
0.0301122 -0.113231 
-0.0091299 -0.225567 
-0.00835145 -0.331643 
-0.00781361 -0.00643595 
-0.00714876 -0.00616383 
-0.00626355 0.304246 
-0.00540105 0.210807 
-0.00729429 0.125078 
-0.045658 0.0492688 
-0.111705 -0.00187389 
-0.180294 -0.00924684 
-0.246684 -0.00855791 
-0.131061 -0.007968 
0.240404 -0.00714773 
0.175767 -0.00623546 
0.114956 -0.00589716 
0.0588918 -0.0204965 
0.0123655 -0.0616991 
-0.00921458 -0.110742 
-0.00989075 -0.160238 
-0.0092766 -0.208592 
-0.00853505 0.205583 
-0.00759648 0.156168 
-0.00676265 0.109069 
-0.011203 0.064737 
-0.0355515 0.0250436 
-0.0717196 -0.00313849 
-0.110473 -0.010557 
-0.149213 -0.0100683 
-0.0609164 -0.00939653 
0.143931 -0.00851484 
0.105472 -0.00756139 
0.0688049 -0.00820421 
0.0347945 -0.020828 
0.00637554 -0.047043 
-0.00894087 -0.0780455 
-0.0106443 -0.110029 
-0.010004 -0.141862 
-0.00921866 0.135558 
-0.00826047 0.103048 
-0.00769848 0.0717842 
-0.0130194 0.0422173 
-0.0308194 0.0157134 
-0.0555645 -0.00371429 
-0.0823841 -0.0105982 
-0.109597 -0.0104915 
0.116151 -0.00978413 
0.101307 -0.00888779 
0.0740579 -0.00799558 
0.0479777 -0.00949244 
0.0237678 -0.0202589 
0.00343519 -0.0394618 
-0.00853822 -0.0620155 
-0.0108184 -0.0855426 
-0.0102501 -0.107617 
-0.00944453 0.0999945 
-0.00849756 0.0758458 
-0.00833777 0.0525481 
-0.0138041 0.0304922 
-0.0278433 0.0107209 
-0.0465981 -0.00410247 
-0.0670286 -0.0103688 
-0.0879372 -0.0106444 
0.0975387 -0.0099316 
0.0772899 -0.00903135 
0.0562536 -0.00827866 
0.036096 -0.0103404 
0.017393 -0.0196448 
0.00161826 -0.0347917 
-0.00823446 -0.0524668 
-0.0107917 -0.0710247 
-0.0103537 -0.0673261 
-0.00953706 0.0784778 
-0.0086295 0.0593114 
-0.00886891 0.0407972 
-0.0141882 0.0232735 
-0.0257893 0.0075666 
-0.0408669 -0.00441238 
-0.0573291 -0.010101 
-0.0741557 -0.0106856 
0.0791185 -0.00999599 
0.0618772 -0.00910093 
0.0447828 -0.00853637 
0.0284005 -0.0109321 
0.0132128 -0.019099 
0.000354983 -0.0316042 
-0.00802249 -0.0461115 
-0.010683 -0.0614045 
-0.0103957 0.00463583 
-0.00957866 0.0640573 
-0.00873974 0.0481943 
-0.00931915 0.0328658 
-0.0143849 0.0183667 
-0.0242762 0.00537137 
-0.0368713 -0.00467448 
-0.050635 -0.00985432 
-0.0634665 -0.0106667 
0.0657965 -0.0100235 
0.051145 -0.00914674 
0.0367713 -0.00878723 
0.0230012 -0.0113611 
0.0102461 -0.0186292 
-0.000588296 -0.0292775 
-0.00787665 -0.0415663 
-0.010543 -0.054534 
-0.0104026 0.0453772 
-0.00959895 0.0537177 
-0.00885245 0.0402038 
-0.00970042 0.0271464 
-0.0144836 0.0148054 
-0.0231086 0.00374381 
-0.033917 -0.00490205 
-0.0457292 -0.00964132 
-0.0499596 -0.0106127 
0.0559129 -0.0100313 
0.0432402 -0.00918886 
0.0308558 -0.00902908 
0.0189981 -0.0116814 
0.00802306 -0.0182251 
-0.00132705 -0.0274969 
-0.00777669 -0.0381475 
-0.0103956 -0.0492298 
-0.0103866 0.0512531 
-0.00961109 0.04594 
-0.00897248 0.0341811 
-0.0100235 0.0228231 
-0.0145273 0.0120974 
-0.022176 0.00248211 
-0.031638 -0.00510269 
-0.0419694 -0.00946124 
-0.0264396 -0.0105385 
0.0483165 -0.0100272 
0.037174 -0.0092353 
0.0263063 -0.00925784 
0.0159079 -0.0119261 
0.00629002 -0.0178752 
-0.00192571 -0.0260857 
-0.00770865 -0.0354778 
-0.0102517 -0.0443852 
-0.0103547 0.0480376 
-0.00962154 0.039876 
-0.00909831 0.0294774 
-0.0102981 0.019438 
-0.0145385 0.00996499 
-0.0214112 0.00147113 
-0.0298226 -0.00528147 
-0.0389619 -0.00930977 
0.0027294 -0.0104535 
0.0423012 -0.0100157 
0.0323706 -0.00928848 
0.0226971 -0.00947098 
0.0134476 -0.0121168 
0.00489765 -0.0175694 
-0.0024234 -0.0249366 
-0.00766307 -0.0333305 
-0.0101162 -0.0383174 
-0.010312 0.0434536 
-0.00963346 0.0350147 
-0.00922695 0.0257009 
-0.0105327 0.0167136 
-0.0145301 0.00823983 
-0.0207706 0.000640124 
-0.0283396 -0.00544211 
-0.0363817 -0.00918214 
0.0225938 -0.0103638 
0.0374214 -0.00999969 
0.028472 -0.00934819 
0.0197625 -0.00966765 
0.0114406 -0.0122676 
0.00375216 -0.0172998 
-0.00284546 -0.0239806 
-0.0076335 -0.0315549 
-0.00999082 -0.0287868 
-0.0102626 0.0391053 
-0.0096482 0.0310299 
-0.00935549 0.0226012 
-0.0107344 0.0144724 
-0.0145094 0.00681364 
-0.020225 -5.69098e-05 
-0.0271027 -0.00558741 
-0.033821 -0.00907412 
0.030593 -0.0102732 
0.0333835 -0.00998133 
0.0252439 -0.0094131 
0.0173287 -0.00984805 
0.00977084 -0.0123884 
0.0027916 -0.0170601 
-0.00320911 -0.0231713 
-0.00761547 -0.0300308 
-0.00987599 -0.01492 
-0.0102094 0.0352711 
-0.00966611 0.0277037 
-0.00948169 0.0200106 
-0.0109088 0.0125954 
-0.0144813 0.0056136 
-0.0197537 -0.000651252 
-0.026051 -0.00571958 
-0.030659 -0.00898219 
0.0322103 -0.0101843 
0.0299869 -0.00996222 
0.0225264 -0.00948156 
0.0152767 -0.010013 
0.00835892 -0.0124863 
0.00197335 -0.0168454 
-0.00352653 -0.0224759 
-0.00760585 -0.0286277 
-0.00977131 0.000274253 
-0.0101549 0.0319408 
-0.00968702 0.0248849 
-0.00960392 0.0178127 
-0.0110605 0.0109997 
-0.0144486 0.00458893 
-0.0193417 -0.00116497 
-0.0251354 -0.00584039 
-0.0260628 -0.00890348 
0.0312969 -0.0100986 
0.0270898 -0.00994353 
0.0202069 -0.009552 
0.0135228 -0.0101636 
0.00714863 -0.0125663 
0.00126709 -0.0166518 
-0.00380658 -0.0218699 
-0.00760239 -0.0271643 
-0.00967614 0.0121679 
-0.0101008 0.0290466 
-0.00971052 0.0224654 
-0.00972113 0.0159241 
-0.0111931 0.00962596 
-0.0144132 0.00370309 
-0.0189778 -0.0016141 
-0.0243064 -0.0059513 
-0.0193389 -0.00883572 
0.0295244 -0.0100173 
0.0245894 -0.00992606 
0.0182035 -0.00962305 
0.0120058 -0.010301 
0.00609907 -0.0126321 
0.00065066 -0.0164761 
-0.00405592 -0.0213329 
-0.00760347 -0.0253728 
-0.00958973 0.019113 
-0.0100485 0.026518 
-0.0097361 0.0203656 
-0.00983268 0.0142834 
-0.0113098 0.00843038 
-0.0143764 0.00292912 
-0.0186531 -0.0020106 
-0.0235016 -0.00605351 
-0.0106672 -0.00877708 
0.0275395 -0.00994077 
0.0224094 -0.00991033 
0.0164556 -0.00969361 
0.0106805 -0.0104264 
0.00517975 -0.0126866 
0.000107447 -0.0163158 
-0.00427965 -0.0208452 
-0.00760791 -0.0228967 
-0.00951136 0.0222386 
-0.00999889 0.0242941 
-0.00976325 0.018526 
-0.00993824 0.0128445 
-0.0114128 0.00738007 
-0.014339 0.00224665 
-0.0183598 -0.00236358 
-0.0226314 -0.00614801 
-0.00147338 -0.00872612 
0.0255848 -0.00986945 
0.0204916 -0.00989667 
0.0149169 -0.00976286 
0.00951243 -0.0105409 
0.00436749 -0.0127318 
-0.000375242 -0.0161684 
-0.00448176 -0.0203826 
-0.00761484 -0.0193682 
-0.00944034 0.0231286 
-0.00995248 0.022325 
-0.0097915 0.0169008 
-0.0100377 0.0115722 
-0.0115043 0.00644979 
-0.0143016 0.00164004 
-0.0180902 -0.00268012 
-0.0215672 -0.00623568 
0.00641809 -0.0086817 
0.0237466 -0.00980345 
0.0187914 -0.00988522 
0.0135518 -0.00983018 
0.00847489 -0.0106456 
0.00364432 -0.0127696 
-0.000807284 -0.0160319 
-0.0046654 -0.0199123 
-0.00762362 -0.0146019 
-0.00937607 0.0228686 
-0.00990966 0.0205703 
-0.00982044 0.0154545 
-0.0101312 0.0104389 
-0.0115857 0.00561984 
-0.0142644 0.00109705 
-0.0178348 -0.0029658 
-0.0201399 -0.00631724 
0.0120206 -0.0086429 
0.0220494 -0.00974273 
0.0172735 -0.00987602 
0.0123323 -0.00989515 
0.00754698 -0.0107415 
0.00299612 -0.0128011 
-0.00119648 -0.0159036 
-0.00483313 -0.0193866 
-0.0076338 -0.00882714 
-0.00931797 0.022061 
-0.0098706 0.0189972 
-0.00984973 0.0141589 
-0.0102187 0.00942293 
-0.0116585 0.00487465 
-0.0142273 0.000607955 
-0.0175808 -0.0032251 
-0.0181586 -0.00639333 
0.0154021 -0.00860897 
0.0204933 -0.0096872 
0.0159102 -0.00986902 
