0.0005 0.005
0 0 
-8.15661e-23 1.97284e-22 
-0.000412875 -0.00042724 
-0.000309529 -0.000311991 
-0.000282277 -0.000282349 
0.00589091 -0.169272 
-0.000490012 -0.000480422 
-0.00043552 -0.000431722 
-0.0712517 0.0292892 
-0.000573462 -0.000587616 
-0.000513722 -0.00051935 
0.0467982 -0.0299118 
-0.000656159 -0.0140383 
-0.000576186 -0.00056878 
-0.0108821 0.0581945 
-0.128031 -0.000713409 
-0.000610523 -0.000619481 
0.0659753 -0.0033148 
-0.000656245 -0.0895646 
-0.000655218 -0.00064479 
-0.00112718 0.0715792 
-0.0625663 0.000722196 
-0.000689912 -0.000686819 
0.0757941 -0.00070108 
0.00514546 -0.0428684 
-0.000716294 -0.111609 
-0.000656587 0.0790748 
-0.0282473 0.0117307 
-0.0951703 -0.000745139 
0.0816987 -0.000670392 
0.0187639 -0.0174869 
-0.000772394 -0.0759118 
-0.000691199 0.0838375 
-0.00991647 0.0253639 
-0.0602277 -0.00075425 
0.0855879 -0.000726273 
0.0312713 -0.00509152 
-0.000353214 -0.047291 
-0.000764343 0.0812317 
-0.00246251 0.0364896 
-0.036518 0.00109043 
-0.0825756 -0.000798461 
0.0410862 -0.0013061 
0.00387373 -0.0275237 
-0.000829684 -0.0702404 
-0.000913231 0.0451437 
-0.0200603 0.0076439 
-0.0591776 -0.000857422 
0.0487404 -0.000818332 
0.0118645 -0.0139809 
-0.000860116 -0.0495299 
-0.00081238 0.0519443 
-0.00920805 0.0161505 
-0.041073 -0.000725602 
0.0548099 -0.000827202 
0.0202955 -0.00568938 
-0.000184951 -0.0336384 
-0.000845775 0.0520706 
-0.00333314 0.0242079 
-0.0271022 0.00105603 
-0.0549375 -0.000864892 
0.027857 -0.00195077 
0.00307107 -0.0213776 
-0.000883358 -0.0508437 
-0.00126255 0.0312418 
-0.0164106 0.00569015 
-0.0439143 -0.000892543 
0.0343752 -0.000979347 
0.00866278 -0.0121756 
-0.000850658 -0.0376383 
-0.000887418 0.0372752 
-0.00866878 0.0117798 
-0.0319558 -0.000643328 
0.0399433 -0.00086948 
0.014903 -0.00589436 
-9.02756e-05 -0.0268125 
-0.000875671 0.0379174 
-0.00384112 0.017952 
-0.0221684 0.000957925 
-0.0356521 -0.000888503 
0.0208843 -0.00245402 
0.00252431 -0.0179976 
-0.000899661 -0.0403261 
-0.00161938 0.0236804 
-0.0142872 0.00451325 
-0.0354483 -0.000891656 
0.0263338 -0.00118164 
0.00678332 -0.0110372 
-0.000815259 -0.030847 
-0.000985788 0.028845 
-0.00825744 0.00920519 
-0.0266026 -0.000574442 
0.031171 -0.000914438 
0.0116828 -0.00596223 
-4.91312e-05 -0.0226949 
-0.000897594 0.0296304 
-0.00415954 0.0141522 
-0.0191093 0.000845992 
-0.0207031 -0.000900174 
0.0165739 -0.00283613 
0.00211933 -0.0158378 
-0.000902087 -0.033436 
-0.00194501 0.018925 
-0.0128796 0.00371151 
-0.0300456 -0.000877611 
0.0211929 -0.00140455 
0.00553331 -0.0102409 
-0.000777643 -0.0264434 
-0.00111427 0.0233704 
-0.00793365 0.00749787 
-0.0230703 -0.000525641 
0.0253735 -0.000979101 
0.00953532 -0.00597272 
-3.88681e-05 -0.0199295 
-0.00092696 0.024188 
-0.00437045 0.0115952 
-0.0170157 0.00073632 
-0.0101287 -0.000911086 
0.0136431 -0.00312818 
0.00180352 -0.0143279 
-0.000899718 -0.028142 
-0.00222768 0.0156569 
-0.0118689 0.00312335 
-0.0262588 -0.000859936 
0.0176225 -0.00162646 
0.0046353 -0.00964624 
-0.000744927 -0.0233483 
-0.00126211 0.0195277 
-0.0076711 0.00627759 
-0.0205586 -0.000493477 
0.0212539 -0.00106446 
0.0079975 -0.00595684 
-4.60256e-05 -0.0179377 
-0.000969775 0.0203384 
-0.00451598 0.00975462 
-0.0154867 0.000633943 
-0.00332127 -0.000927596 
0.0115196 -0.00335499 
0.00154837 -0.0132071 
-0.000898345 -0.0235566 
-0.00246876 0.0132721 
-0.0111031 0.00266995 
-0.023388 -0.000843698 
0.014998 -0.00183569 
0.00395545 -0.0091817 
-0.000719024 -0.0210434 
-0.00141778 0.0166806 
-0.007453 0.00535912 
-0.0186765 -0.000473806 
0.0181761 -0.00116548 
0.00683995 -0.00592842 
-6.30146e-05 -0.0164309 
-0.00102671 0.0174705 
-0.00461951 0.00836512 
-0.0143173 0.00054004 
0.000814021 -0.000953107 
0.00990945 -0.00353424 
0.00133682 -0.0123387 
-0.000901981 -0.0193496 
-0.00267366 0.0114548 
-0.0104997 0.00230778 
-0.0210431 -0.000832 
0.0129872 -0.0020275 
0.00342087 -0.00880664 
-0.000700332 -0.0192438 
-0.00157308 0.0144856 
-0.00726823 0.00464116 
-0.0172092 -0.000463498 
0.0157907 -0.00127607 
0.00593594 -0.00589419 
-8.55732e-05 -0.0152484 
-0.00109568 0.0152506 
-0.00469485 0.00727819 
-0.0133915 0.000454382 
0.00323785 -0.00098869 
0.00864618 -0.00367823 
0.00115786 -0.0116439 
-0.000913039 -0.0154743 
-0.00284827 0.0100238 
-0.0100102 0.00201067 
-0.0189917 -0.00082679 
0.0113971 -0.00220091 
0.0029883 -0.00849612 
-0.000688911 -0.0177758 
-0.00172304 0.0127412 
-0.00710918 0.00406351 
-0.0160276 -0.000460518 
0.0138892 -0.00139102 
0.00520965 -0.00585761 
-0.000111361 -0.0142934 
-0.00117365 0.013481 
-0.00475059 0.00640424 
-0.0126388 0.000376208 
0.00461066 -0.00103384 
0.00762835 -0.0037956 
0.00100402 -0.0110739 
-0.00093254 -0.0119928 
-0.00299787 0.00886754 
-0.00960396 0.00176178 
-0.0170971 -0.000829143 
0.010108 -0.00235671 
0.00263033 -0.00823389 
-0.00068475 -0.0165249 
-0.00186501 0.0113212 
-0.00697046 0.00358808 
-0.0150479 -0.000463656 
0.0123395 -0.00150649 
0.00461292 -0.00582055 
-0.00013918 -0.0135034 
-0.00125759 0.012037 
-0.00479232 0.00568599 
-0.0120132 0.000304564 
0.00534575 -0.00108719 
0.00679062 -0.00389251 
0.000869962 -0.0105967 
-0.000960464 -0.00897122 
-0.00312684 0.00791385 
-0.00926044 0.00154974 
-0.0152873 -0.000839431 
0.00904167 -0.00249639 
0.00232869 -0.00800887 
-0.000687759 -0.0154127 
-0.00199783 0.0101429 
-0.00684812 0.00318951 
-0.014212 -0.00047223 
0.0110534 -0.00161988 
0.00411362 -0.00578398 
-0.000168513 -0.012836 
-0.00134489 0.0108364 
-0.00482378 0.00508505 
-0.0114839 0.000238444 
0.00569375 -0.00114705 
0.00608899 -0.00397343 
0.00075173 -0.0101906 
-0.00099612 -0.0064349 
-0.00323874 0.00711372 
-0.00896554 0.00136653 
-0.0135347 -0.00085748 
0.00814494 -0.00262166 
0.0020707 -0.0078132 
-0.000697722 -0.0143845 
-0.00212122 0.0091495 
-0.00673921 0.0028503 
-0.013478 -0.000485844 
0.00996984 -0.00172954 
0.00368951 -0.00574846 
-0.000199229 -0.0122606 
-0.00143346 0.00982216 
-0.00484757 0.00457476 
-0.0110286 0.000176852 
0.00580605 -0.0012117 
0.00549276 -0.00404167 
0.000646267 -0.00983996 
-0.00103846 -0.00436479 
-0.00333645 0.00643279 
-0.00870911 0.00120629 
-0.0118405 -0.000882736 
0.00738028 -0.00273419 
0.00184723 -0.00764113 
-0.000714274 -0.0134034 
-0.00223541 0.00830079 
-0.00664146 0.00255788 
-0.0128145 -0.000504219 
0.00904524 -0.00183453 
0.00332465 -0.00571424 
-0.000231388 -0.0117544 
-0.00152178 0.00895414 
-0.00486552 0.00413598 
-0.0106311 0.000118857 
0.00577488 -0.00127961 
0.00497981 -0.00409971 
0.000551153 -0.00953339 
-0.0010863 -0.00271208 
-0.00342227 0.00584628 
-0.00848364 0.0010646 
-0.0102216 -0.000914418 
0.00672053 -0.00283551 
0.00165153 -0.00748836 
-0.000736917 -0.0124463 
-0.00234089 0.00756754 
-0.0065531 0.00230303 
-0.0121974 -0.000527095 
0.00824761 -0.00193435 
0.00300734 -0.00568145 
-0.000265116 -0.0112996 
-0.00160873 0.00820281 
-0.00487898 0.00375462 
-0.0102787 6.36138e-05 
0.00565706 -0.00134947 
0.00453383 -0.00414946 
0.000464429 -0.00926213 
-0.00113847 -0.00141484 
-0.00349807 0.00533584 
-0.00828339 0.000938033 
-0.0087001 -0.000951632 
0.00614554 -0.00292699 
0.00147846 -0.00735155 
-0.000765057 -0.0115008 
-0.00243826 0.00692789 
-0.00647272 0.00207877 
-0.0116088 -0.000554184 
0.00755294 -0.00202885 
0.00272878 -0.0056501 
-0.000300531 -0.0108823 
-0.00169354 0.00754614 
-0.00488893 0.00342007 
-0.00996141 1.03903e-05 
0.00548808 -0.00142022 
0.00414251 -0.00419237 
0.000384494 -0.00901932 
-0.00119388 -0.000410149 
-0.00356536 0.00488758 
-0.00810384 0.000823868 
-0.00729582 -0.000993464 
0.00564001 -0.00300983 
0.00132403 -0.00722808 
-0.00079804 -0.010563 
-0.00252817 0.0063652 
-0.00639917 0.00187974 
-0.0110354 -0.000585154 
0.00694289 -0.00211804 
0.00248216 -0.00562018 
-0.000337706 -0.010491 
-0.00177572 0.00696733 
-0.00489611 0.00312416 
-0.00967117 -4.14272e-05 
0.00529031 -0.00149102 
0.00379638 -0.00422962 
0.000310026 -0.00879938 
-0.00125157 0.000359205 
-0.00362539 0.00449081 
-0.00794138 0.000719927 
-0.00602262 -0.00103903 
0.00519215 -0.00308508 
0.00118507 -0.00711582 
-0.000835192 -0.00963541 
-0.00261128 0.00586658 
-0.00633149 0.00170171 
-0.0104678 -0.00061963 
0.00640319 -0.00220209 
0.00226219 -0.00559162 
-0.000376653 -0.0101167 
-0.00185495 0.00645334 
-0.00490108 0.00286053 
-0.0094012 -9.23319e-05 
0.00507798 -0.00156121 
0.00348803 -0.00426212 
0.000239944 -0.00859768 
-0.00131074 0.000942009 
-0.00367918 0.00413718 
-0.00779299 0.000624432 
-0.00488699 -0.00108753 
0.0047927 -0.00315363 
0.00105902 -0.007013 
-0.000875852 -0.00872422 
-0.00268819 0.00542184 
-0.00626888 0.00154129 
-0.00990031 -0.000657214 
0.00592257 -0.00228123 
0.00206464 -0.00556434 
-0.000417323 -0.00975195 
-0.00193107 0.00599389 
-0.00490426 0.0026241 
-0.0091458 -0.000142703 
0.00486016 -0.00163031 
0.00321157 -0.00429059 
0.000173365 -0.00841027 
-0.00137069 0.00137828 
-0.00372756 0.00382002 
-0.0076561 0.00053593 
-0.00388854 -0.00113822 
0.00443427 -0.00321627 
0.000943817 -0.0069181 
-0.000919394 -0.00783795 
-0.00275947 0.00502285 
-0.00621062 0.00139576 
-0.00932999 -0.000697495 
0.00549204 -0.00235571 
0.00188609 -0.00553822 
-0.000459612 -0.00939114 
-0.00200402 0.00558078 
-0.00490599 0.00241078 
-0.00890016 -0.000192819 
0.00464259 -0.00169798 
0.00296228 -0.00431564 
0.000109573 -0.00823375 
-0.00143088 0.00170007 
-0.00377125 0.00353398 
-0.00752851 0.000453226 
-0.00302151 -0.00119049 
0.00411093 -0.00327367 
0.000837737 -0.00682982 
-0.000965239 -0.00698558 
-0.00282564 0.00466305 
-0.00615609 0.00126285 
-0.00875642 -0.000740063 
0.00510431 -0.00242583 
0.00172376 -0.00551316 
