-5.43316e-05
-0.00382801
-0.00684479
-0.00879761
-0.00995364
-0.0107032
-0.0113687
-0.0118104
-0.0120678
-0.0124764
-0.0127247
-0.0128088
-0.0131204
-0.0132881
-0.0132883
-0.013537
-0.013679
-0.0136307
-0.0138333
-0.0139703
-0.0138911
-0.0140608
-0.0141958
-0.0140979
-0.0142469
-0.0143703
-0.0142672
-0.0143977
-0.0145088
-0.0144082
-0.014523
-0.0146223
-0.0145276
-0.0146269
-0.0147154
-0.0147791
-0.0147123
-0.0147915
-0.0148624
-0.0147823
-0.0148535
-0.014919
-0.0148396
-0.0149042
-0.0149642
-0.0148868
-0.0149469
-0.0150008
-0.0149258
-0.014981
-0.0150308
-0.0149597
-0.0150093
-0.0150556
-0.0150615
-0.015033
-0.0150763
-0.0151164
-0.015053
-0.0150936
-0.0151321
-0.0150699
-0.0151082
-0.0151447
-0.0150844
-0.0151212
-0.0151553
-0.0150969
-0.0151318
-0.0151641
-0.0151093
-0.0151408
-0.0151717
-0.0151576
-0.0151486
-0.0151781
-0.0152037
-0.0151553
-0.0151836
-0.0152108
-0.0151612
-0.0151883
-0.0152146
-0.0151662
-0.0151927
-0.0152177
-0.0151708
-0.0151963
-0.0152203
-0.0151765
-0.0151992
-0.0152225
-0.015203
-0.0152018
-0.0152243
-0.01524
-0.0152041
-0.0152259
-0.0152466
-0.015206
-0.0152272
-0.0152477
-0.0152076
-0.0152284
-0.0152483
-0.0152092
-0.0152293
-0.0152486
-0.0152123
-0.01523
-0.0152488
-0.0152285
-0.0152305
-0.0152488
-0.0152569
-0.0152309
-0.0152488
-0.0152649
-0.0152313
-0.0152487
-0.0152655
-0.0152315
-0.0152486
-0.0152651
-0.0152318
-0.0152484
-0.0152645
-0.0152336
-0.0152481
-0.0152638
-0.0152442
-0.0152477
-0.0152631
-0.0152656
-0.0152473
-0.0152624
-0.0152748
-0.0152469
-0.0152617
-0.0152758
-0.0152465
-0.015261
-0.0152751
-0.0152463
-0.0152603
-0.0152742
-0.0152474
-0.0152596
-0.0152732
-0.0152547
-0.0152588
-0.0152722
-0.0152707
-0.0152581
-0.0152712
-0.0152803
-0.0152573
-0.0152702
-0.015282
-0.0152566
-0.0152692
-0.0152815
-0.0152561
-0.0152683
-0.0152804
-0.0152568
-0.0152673
-0.0152793
-0.0152621
-0.0152664
-0.0152782
-0.0152741
-0.0152654
-0.015277
-0.0152833
-0.0152645
-0.0152759
-0.0152858
-0.0152637
-0.0152749
-0.0152856
-0.0152631
-0.0152738
-0.0152846
-0.0152636
-0.0152728
-0.0152835
-0.0152675
-0.0152718
-0.0152823
-0.0152766
-0.0152707
-0.0152811
-0.015285
-0.0152698
-0.01528
-0.0152881
-0.0152689
-0.0152789
-0.0152883
-0.0152682
-0.0152778
-0.0152875
-0.0152685
-0.0152768
-0.0152864
-0.0152715
-0.0152757
-0.0152852
-0.0152785
-0.0152747
-0.0152841
-0.0152859
-0.0152737
-0.015283
-0.0152895
-0.0152728
