-4.14693e-07
-0.000102419
-0.000138739
-8.45504e-05
-0.000132278
-0.000247943
-0.000226063
-0.000199849
-0.000203688
-0.000204758
-0.000189662
-0.000132351
-0.000180218
-0.000227806
-0.000261845
-0.000266088
-0.00023371
-0.000221731
-0.00018429
-0.000167845
-0.000194747
-0.000223749
-0.000249225
-0.000267844
-0.000270818
-0.000243145
-0.000194277
-0.000186499
-0.000204556
-0.000225353
-0.00024514
-0.00026231
-0.000274406
-0.000270812
-0.000218602
-0.000201438
-0.000213917
-0.000229749
-0.00024553
-0.000260135
-0.000272421
-0.000278352
-0.000251511
-0.000215602
-0.000221394
-0.000233629
-0.000246434
-0.000258767
-0.000269897
-0.000277987
-0.000270837
-0.000233573
-0.000227517
-0.000236437
-0.000246986
-0.000257502
-0.000267392
-0.000275651
-0.000276923
-0.00025352
-0.0002345
-0.000238654
-0.000247255
-0.00025631
-0.000265092
-0.000272954
-0.000277345
-0.000267363
-0.000244367
-0.000241122
-0.000247442
-0.000255232
-0.000263054
-0.000270364
-0.000275811
-0.000273624
-0.000255932
-0.000244942
-0.000247842
-0.000254314
-0.00026128
-0.000268017
-0.000273702
-0.0002753
-0.000265414
-0.000250831
-0.000248912
-0.000253642
-0.000259757
-0.000265936
-0.000271523
-0.000274839
-0.000270952
-0.000258043
-0.000251199
-0.00025339
-0.000258495
-0.00026411
-0.000269456
-0.000273496
-0.000273245
-0.000264629
-0.000254969
-0.000253836
-0.000257552
-0.000262531
-0.000267561
-0.000271847
-0.000273582
-0.000269179
-0.000259752
-0.000255275
-0.000257055
-0.000261215
-0.000265857
-0.000270146
-0.000272907
-0.000271577
-0.00026445
-0.000257807
-0.000257183
-0.000260215
-0.00026436
-0.000268506
-0.000271757
-0.000272381
-0.000268088
-0.000261125
-0.000258106
-0.000259629
-0.000263099
-0.000266985
-0.000270421
-0.000272198
-0.000270332
-0.000264562
-0.000259861
-0.00025958
-0.000262125
-0.000265622
-0.000269048
-0.000271465
-0.000271353
-0.000267451
-0.000262237
-0.000260171
-0.000261518
-0.000264457
-0.000267727
-0.000270456
-0.000271498
-0.00026944
-0.000264805
-0.00026141
-0.000261365
-0.000263544
-0.000266514
-0.000269337
-0.000271087
-0.000270519
-0.0002671
-0.00026315
-0.000261732
-0.000262947
-0.000265462
-0.000268212
-0.000270355
-0.000270863
-0.000268815
-0.0002651
-0.000262615
-0.000262733
-0.000264622
