-3.09876e-07
-0.000270465
-0.000435908
-0.000583234
-0.000698942
-0.000827007
-0.00086035
-0.000915532
-0.000970892
-0.000999872
-0.00103201
-0.00105553
-0.00108839
-0.0011063
-0.00111371
-0.0011737
-0.00115902
-0.00115752
-0.00120832
-0.00119901
-0.0011921
-0.00123556
-0.0012311
-0.00122009
-0.00125721
-0.00128315
-0.00124319
-0.00127477
-0.00130067
-0.00126267
-0.00128978
-0.00131523
-0.00128267
-0.0013115
-0.0013439
-0.00132166
-0.00135269
-0.00138549
-0.00136629
-0.00139174
-0.00142093
-0.00144359
-0.00142351
-0.00144905
-0.00146956
-0.00144928
-0.00147151
-0.00149052
-0.0014704
-0.00148973
-0.00150771
-0.0014879
-0.00150479
-0.00152195
-0.00150256
-0.00151746
-0.0015338
-0.00151635
-0.00152828
-0.00154368
-0.00155451
-0.00153763
-0.0015519
-0.00156316
-0.00154576
-0.00155881
-0.00156985
-0.00155286
-0.00156467
-0.00157563
-0.00155907
-0.00156973
-0.00158062
-0.00156453
-0.00157418
-0.0015849
-0.00157051
-0.00157815
-0.00158855
-0.00159392
-0.00158173
-0.00159165
-0.00159938
-0.00158498
-0.00159428
-0.00160208
-0.00158794
-0.00159654
-0.00160445
-0.00159063
-0.00159853
-0.00160652
-0.00159307
-0.00160031
-0.0016083
-0.00159625
-0.00160194
-0.00160982
-0.0016115
-0.00160346
-0.00161109
-0.00161693
-0.00160489
-0.00161215
-0.00161822
-0.00160623
-0.00161305
-0.00161926
-0.00160749
-0.00161383
-0.00162016
-0.00160869
-0.00161454
-0.00162092
-0.00161059
-0.0016152
-0.00162154
-0.00162076
-0.00161582
-0.00162203
-0.00162657
-0.00161644
-0.00162242
-0.00162738
-0.00161704
-0.00162272
-0.00162784
-0.00161763
-0.00162296
-0.0016282
-0.00161822
-0.00162317
-0.00162849
-0.00161945
-0.00162337
-0.00162869
-0.00162638
-0.00162356
-0.00162881
-0.00163227
-0.00162377
-0.00162886
-0.00163305
-0.001624
-0.00162887
-0.00163323
-0.00162423
-0.00162885
-0.00163333
-0.00162451
-0.00162881
-0.00163337
-0.00162534
-0.00162878
-0.00163336
-0.00163018
-0.00162875
-0.00163329
-0.00163579
-0.00162875
-0.00163318
-0.00163676
-0.00162876
-0.00163304
-0.00163683
-0.0016288
-0.00163288
-0.00163679
-0.0016289
-0.00163272
-0.0016367
-0.00162948
-0.00163256
-0.00163658
-0.00163295
-0.00163241
-0.00163641
-0.00163803
-0.00163228
-0.00163621
-0.00163929
-0.00163218
-0.001636
-0.00163935
-0.00163211
-0.00163577
-0.00163923
-0.00163211
-0.00163554
-0.00163908
-0.00163251
-0.00163531
-0.00163889
-0.00163505
-0.0016351
-0.00163867
-0.0016395
-0.0016349
-0.00163843
-0.00164104
-0.00163473
-0.00163817
-0.00164115
-0.00163459
-0.00163791
-0.00164102
-0.00163452
-0.00163764
-0.00164082
-0.0016348
-0.00163738
-0.0016406
-0.00163671
-0.00163713
-0.00164036
-0.0016405
-0.0016369
-0.0016401
-0.00164227
-0.00163669
-0.00163982
-0.00164249
-0.00163651
-0.00163954
-0.00164235
-0.0016364
-0.00163926
-0.00164215
-0.00163659
-0.00163898
-0.00164191
-0.00163804
-0.00163871
-0.00164166
-0.00164123
-0.00163846
-0.00164139
-0.00164314
-0.00163823
-0.0016411
-0.00164349
-0.00163802
-0.00164082
-0.00164338
-0.00163789
-0.00164053
-0.00164317
-0.00163801
-0.00164024
-0.00164293
-0.00163913
-0.00163997
-0.00164267
-0.00164179
-0.00163971
-0.0016424
-0.00164375
-0.00163946
-0.00164212
-0.00164424
-0.00163925
-0.00164183
-0.00164418
-0.00163909
-0.00164155
-0.00164398
-0.00163917
-0.00164126
-0.00164374
-0.00164004
-0.00164099
-0.00164349
-0.00164224
-0.00164072
-0.00164322
-0.00164419
-0.00164047
-0.00164294
-0.00164481
-0.00164025
-0.00164266
-0.0016448
-0.00164009
-0.00164237
-0.00164462
-0.00164012
-0.00164209
-0.00164439
-0.0016408
-0.00164182
-0.00164414
-0.00164263
-0.00164156
-0.00164388
-0.00164449
-0.00164131
-0.00164361
-0.00164524
-0.00164108
-0.00164334
-0.0016453
-0.00164091
-0.00164306
-0.00164515
-0.00164092
-0.00164279
-0.00164493
-0.00164146
-0.00164252
-0.00164469
-0.00164297
-0.00164226
-0.00164443
-0.00164471
-0.00164201
-0.00164417
-0.00164556
-0.00164179
-0.0016439
-0.0016457
-0.00164162
-0.00164363
-0.00164557
-0.0016416
-0.00164337
-0.00164537
-0.00164202
-0.0016431
-0.00164514
-0.00164327
-0.00164285
-0.00164489
-0.00164488
-0.00164261
-0.00164464
-0.00164579
-0.00164239
-0.00164438
-0.00164601
-0.00164221
-0.00164412
-0.00164592
-0.00164218
-0.00164386
-0.00164574
-0.00164251
-0.00164361
-0.00164552
-0.00164355
-0.00164336
-0.00164528
-0.00164501
-0.00164312
-0.00164503
-0.00164596
-0.0016429
-0.00164478
-0.00164626
-0.00164273
-0.00164453
-0.00164621
-0.00164268
-0.00164428
-0.00164605
-0.00164294
-0.00164404
-0.00164584
-0.0016438
-0.00164379
-0.00164561
-0.00164511
-0.00164356
-0.00164537
-0.00164609
-0.00164335
-0.00164513
-0.00164645
-0.00164318
-0.00164489
-0.00164645
-0.00164311
-0.00164465
-0.00164631
-0.00164332
-0.00164441
-0.00164611
-0.00164403
-0.00164417
-0.00164589
-0.0016452
-0.00164395
-0.00164567
-0.00164617
-0.00164374
-0.00164544
-0.0016466
-0.00164357
-0.0016452
