-4.89728e-06
-0.000126329
-0.000178826
-0.000211899
1.4703e-06
-6.64023e-05
-0.000208591
-0.000275256
-0.000297833
-0.000306576
-0.000317701
-0.00032283
-0.000319428
-0.000231644
-0.000173983
-0.00022838
-0.000280065
-0.000316585
-0.000337831
-0.000350786
-0.000357111
-0.000356437
-0.000326959
-0.000252917
-0.000245112
-0.000276043
-0.000307438
-0.000332473
-0.000350893
-0.000364374
-0.00037129
-0.000365997
-0.000328517
-0.000281026
-0.000279908
-0.000300378
-0.000322625
-0.000341684
-0.000357339
-0.000369618
-0.000375799
-0.000367794
-0.000333836
-0.000301439
-0.000300682
-0.000315187
-0.000332106
-0.00034746
-0.000360775
-0.000371387
-0.000376101
-0.00036721
-0.000339422
-0.000315729
-0.000314353
-0.000324965
-0.000338344
-0.000351104
-0.000362475
-0.000371406
-0.000374657
-0.000366001
-0.000343939
-0.000325845
-0.000323912
