-3.78561e-05
-0.00132724
-0.00191078
-0.00230944
-0.00246982
-0.0025742
-0.0028
-0.00280572
-0.00282234
-0.00301225
-0.00302689
-0.0029588
-0.00312177
-0.00316873
-0.00304769
-0.00318697
-0.00325694
-0.0031112
-0.00323153
-0.00331065
-0.00315871
-0.00326477
-0.00334249
-0.00319611
-0.00328907
-0.00336146
-0.003232
-0.00330571
-0.00337288
-0.00328271
-0.00331741
-0.00337972
-0.00335019
-0.00332585
-0.00338368
-0.00339933
-0.00333213
-0.00338585
-0.00342032
-0.00333742
-0.00338702
-0.00342679
-0.00334361
-0.00338746
-0.00342756
-0.00335411
-0.00338712
-0.00342611
-0.00337257
-0.00338625
-0.00342373
-0.00339708
-0.00338523
-0.00342098
-0.00341861
-0.00338449
-0.00341813
-0.00343134
-0.00338466
-0.00341532
-0.00343647
-0.00338681
-0.00341261
-0.00343716
-0.00339219
-0.00340999
-0.00343566
-0.00340138
-0.00340753
-0.00343315
-0.00341293
-0.00340543
-0.00343024
-0.00342373
-0.00340398
-0.00342723
-0.00343137
-0.00340361
