-3.88318e-06
-9.83788e-05
-0.000150848
-0.000181112
0.000261657
0.000158176
-0.000112644
-0.000234354
-0.000270096
-0.000279934
-0.000290739
-0.00029542
-0.000284078
-0.000107182
1.42469e-05
-8.78951e-05
-0.000187706
-0.000258121
-0.000299137
-0.000320791
-0.000329469
-0.000325811
-0.000266032
-0.000117965
-9.87719e-05
-0.000157541
-0.000218442
-0.000267615
-0.000303635
-0.000328202
-0.00033985
-0.000327967
-0.000253154
-0.000157939
-0.000153616
-0.000192713
-0.000236033
-0.000273774
-0.0003045
-0.00032761
-0.00033861
-0.000321858
-0.000254241
-0.00018923
-0.000186435
-0.000214255
-0.000247339
-0.00027785
-0.000304082
-0.000324391
-0.000332941
-0.000314747
-0.000259438
-0.000211916
-0.000208354
-0.00022878
-0.000255044
-0.00028044
-0.000302914
-0.000320182
-0.000326109
-0.000308577
-0.000264664
-0.000228404
-0.000224014
