-4.70526e-05
-0.00135697
-0.00196037
-0.00234279
-0.00253182
-0.00266558
-0.00283659
-0.00288242
-0.0029304
-0.0030535
-0.00308651
-0.00307557
-0.00317376
-0.00321576
-0.00316979
-0.0032508
-0.00330002
-0.00323689
-0.00330552
-0.00335589
-0.00328679
-0.00334698
-0.00339331
-0.00332512
-0.00337791
-0.00341893
-0.00335789
-0.00339994
-0.00343689
-0.00339469
-0.00341608
-0.0034497
-0.00343763
-0.00342819
-0.00345899
-0.00346938
-0.0034375
-0.00346585
-0.00348527
-0.00344501
-0.00347116
-0.0034927
-0.00345201
-0.00347526
-0.00349644
-0.00346041
-0.00347817
-0.00349843
-0.00347227
-0.00348017
-0.00349947
-0.00348678
-0.00348163
-0.00349995
-0.00349945
-0.00348288
-0.00350009
-0.00350734
-0.00348432
-0.00350005
-0.00351115
-0.00348654
-0.00349986
-0.00351252
-0.00349021
-0.00349953
-0.00351262
-0.00349566
-0.00349911
-0.0035121
-0.00350219
-0.00349873
-0.00351128
-0.00350825
-0.00349857
-0.00351033
-0.00351263
-0.00349887
