-1.92922e-07
-0.000106703
-0.000144355
-0.0001576
0.000153639
-0.00015541
-0.000335641
-0.000293019
-0.000221668
-0.000219081
-0.000219181
-0.000217552
-0.000152173
-4.4479e-05
-0.000124011
-0.000220409
-0.000295981
-0.000335962
-0.000314164
-0.000260042
-0.000234927
-0.000182411
-0.000105721
-0.000126497
-0.000181523
-0.000236835
-0.000284492
-0.000318993
-0.000329909
-0.000301213
-0.000232204
-0.000152797
-0.000139115
-0.000169115
-0.000208472
-0.000247388
-0.00028238
-0.000310538
-0.000326309
-0.000311791
-0.000232182
-0.000165862
-0.000169779
-0.000195853
-0.000226143
-0.000256063
-0.00028359
-0.000306787
-0.000321174
-0.000308674
-0.000237783
-0.000186522
-0.00019216
-0.000213704
-0.000238108
-0.000262294
-0.000284852
-0.000304187
-0.000315793
-0.000302657
-0.000244266
-0.000204142
-0.000208258
-0.000225988
-0.000246292
-0.000266535
-0.000285553
-0.000301807
-0.000310605
-0.000297036
-0.000249833
-0.000217793
-0.000220147
-0.000234796
-0.000252073
-0.000269438
-0.000285789
-0.000299522
-0.000305892
-0.000292502
-0.000254284
-0.000228244
-0.000229208
-0.000241375
-0.000256307
-0.000271467
-0.000285713
-0.000297351
-0.000301763
-0.000289006
-0.000257799
-0.000236322
-0.000236307
-0.000246469
-0.000259515
-0.000272912
-0.00028544
-0.000295323
-0.000298216
-0.000286344
-0.000260594
-0.000242658
-0.000241995
-0.000250531
-0.000262017
-0.000273957
-0.000285046
-0.000293454
-0.0002952
-0.000284315
-0.000262846
-0.000247706
-0.000246637
-0.000253845
-0.000264017
-0.000274721
-0.000284579
-0.000291747
-0.000292648
-0.00028276
-0.000264684
-0.000251788
-0.00025048
-0.000256602
-0.000265647
-0.000275281
-0.000284074
-0.0002902
-0.000290488
-0.000281558
-0.000266205
-0.000255133
-0.000253703
-0.00025893
-0.000266999
-0.000275693
-0.000283555
-0.000288804
-0.000288658
-0.000280621
-0.000267478
-0.000257907
-0.000256433
-0.000260918
-0.000268134
-0.000275995
-0.000283038
-0.000287547
-0.000287102
-0.000279882
-0.000268555
-0.000260233
-0.000258767
-0.000262633
-0.000269099
-0.000276215
-0.000282533
-0.000286418
-0.000285775
-0.000279295
-0.000269474
-0.000262201
-0.000260775
-0.000264123
-0.000269927
-0.000276373
-0.000282047
-0.000285405
-0.000284636
-0.000278823
-0.000270264
-0.00026388
-0.000262516
-0.000265426
-0.000270642
-0.000276485
-0.000281585
-0.000284496
-0.000283657
-0.000278442
-0.000270948
-0.000265322
-0.000264032
-0.000266572
-0.000271264
