-9.48026e-06
-0.000412747
-0.000656017
-0.00088237
-0.000642872
-0.00115277
-0.00151163
-0.00170541
-0.00185106
-0.00198245
-0.00209882
-0.0021894
-0.00226995
-0.00205936
-0.00223601
-0.00237581
-0.00248527
-0.00256365
-0.00260796
-0.0026524
-0.00268964
-0.00272192
-0.00274521
-0.00260995
-0.0026918
-0.0027617
-0.00282118
-0.00286731
-0.00290232
-0.00292534
-0.00294468
-0.00296192
-0.00280908
-0.00286362
-0.00291475
-0.00296024
-0.0030004
-0.00303383
-0.00306293
-0.00308108
-0.00309363
-0.00310444
-0.00297581
-0.00301538
-0.003052
-0.00308543
-0.00311555
-0.00314169
-0.00316602
-0.00318338
-0.00319382
-0.0031951
-0.00308856
-0.00311874
-0.00314705
-0.00317334
-0.00319726
-0.00321873
-0.00323933
-0.00325582
-0.00326652
-0.00323649
-0.00317053
-0.00319477
-0.00321772
-0.00323931
-0.00325867
-0.00327723
-0.00329492
-0.0033101
-0.0033213
-0.00326067
-0.00323319
-0.0032533
-0.00327248
-0.00329066
-0.00330683
-0.00332302
-0.00333835
-0.00335205
-0.00336315
-0.0032926
-0.00328209
-0.00329911
-0.00331542
-0.00333099
-0.00334485
-0.00335894
-0.00337233
-0.00338458
-0.00339509
-0.00332509
-0.00332032
-0.00333495
-0.00334902
-0.00336251
-0.00337459
-0.00338693
-0.00339872
-0.00340968
-0.00341941
-0.00335332
-0.00335023
-0.00336298
-0.00337529
-0.00338713
-0.0033978
-0.00340872
-0.00341919
-0.00342905
-0.00343797
-0.00337665
-0.00337378
-0.00338504
-0.00339593
-0.00340646
-0.00341601
-0.00342577
-0.00343518
-0.00344411
-0.00345225
-0.00339567
-0.0033925
-0.00340257
-0.00341233
-0.00342178
-0.00343042
-0.00343924
-0.00344777
-0.00345593
-0.00346335
-0.00341121
-0.00340758
-0.00341666
-0.0034255
-0.00343408
-0.00344196
-0.00345
-0.00345781
-0.00346531
-0.00347206
-0.00342398
-0.00341986
-0.00342813
-0.0034362
-0.00344406
-0.00345131
-0.00345869
-0.00346589
-0.00347283
-0.00347897
-0.00343456
-0.00342999
-0.00343758
-0.00344501
-0.00345224
-0.00345896
-0.00346579
-0.00347247
-0.00347893
-0.0034845
-0.00344341
-0.00343844
-0.00344544
-0.00345232
-0.00345904
-0.00346529
-0.00347165
-0.00347788
-0.00348392
-0.00348897
-0.00345086
-0.00344555
-0.00345205
-0.00345846
-0.00346472
-0.00347058
-0.00347653
-0.00348236
-0.00348804
-0.0034926
-0.00345718
-0.00345161
-0.00345766
-0.00346366
-0.00346953
-0.00347504
-0.00348063
-0.00348612
-0.00349146
-0.00349557
-0.0034626
-0.0034568
-0.00346246
-0.0034681
-0.00347362
-0.00347883
-0.00348409
-0.00348928
-0.00349434
-0.00349801
-0.00346726
-0.0034613
-0.0034666
-0.00347192
-0.00347713
-0.00348207
-0.00348705
-0.00349197
-0.00349676
-0.00350004
-0.00347129
-0.00346521
-0.00347019
-0.00347522
-0.00348017
-0.00348486
-0.00348959
-0.00349426
-0.00349882
-0.00350172
-0.00347481
-0.00346864
-0.00347333
-0.00347811
-0.00348281
-0.00348727
-0.00349178
-0.00349623
-0.00350057
-0.00350313
-0.0034779
-0.00347168
-0.00347609
-0.00348064
-0.00348511
-0.00348938
-0.00349368
-0.00349793
-0.00350207
-0.0035043
-0.00348061
-0.00347437
-0.00347853
-0.00348287
-0.00348714
-0.00349123
-0.00349534
-0.00349941
-0.00350337
-0.00350529
-0.00348301
-0.00347677
-0.00348069
-0.00348484
-0.00348893
-0.00349285
-0.00349679
-0.0035007
-0.00350448
-0.00350612
-0.00348515
-0.00347892
-0.00348262
-0.0034866
-0.00349052
-0.00349429
-0.00349807
-0.00350182
-0.00350545
-0.00350682
-0.00348705
-0.00348086
-0.00348436
-0.00348817
-0.00349194
-0.00349556
-0.0034992
-0.00350281
