-4.1469e-07
-0.00010716
-0.000145054
-0.000162284
-1.2159e-05
-0.000173422
-0.000267556
-0.000249384
-0.000215631
-0.00021675
-0.000217663
-0.000217984
-0.000186097
-0.000133618
-0.000175175
-0.000224281
-0.000262901
-0.000283978
-0.000274133
-0.000247487
-0.000234891
-0.0002084
-0.000170632
-0.000182226
-0.000210446
-0.000238559
-0.000262858
-0.00028075
-0.00028698
-0.000273136
-0.000238235
-0.000198366
-0.000192439
-0.000208223
-0.000228462
-0.000248361
-0.00026631
-0.000280934
-0.000289436
-0.000282648
-0.000242517
-0.000209509
-0.000212161
-0.000225762
-0.000241346
-0.00025667
-0.000270797
-0.000282803
-0.000290434
-0.00028449
-0.000248825
-0.000223375
-0.000226663
-0.000237822
-0.000250335
-0.000262693
-0.000274233
-0.000284185
-0.000290283
-0.000283888
-0.000254544
-0.000234621
-0.000236996
-0.000246131
-0.000256503
-0.000266815
-0.000276512
-0.000284839
-0.000289437
-0.000282743
-0.000259039
-0.000243117
-0.000244516
-0.000252034
-0.000260834
-0.000269658
-0.000277971
-0.000284983
-0.000288304
-0.000281653
-0.00026247
-0.000249519
-0.000250162
-0.000256391
-0.000263979
-0.000271666
-0.000278895
-0.000284822
-0.000287121
-0.000280761
-0.000265103
-0.000254414
-0.000254526
-0.00025972
-0.000266338
-0.000273122
-0.000279469
-0.000284492
-0.000286004
-0.000280072
-0.000267155
-0.000258223
-0.000257984
-0.000262341
-0.000268161
-0.0002742
-0.000279811
-0.000284078
-0.000284998
-0.000279552
-0.000268784
-0.000261241
-0.000260778
-0.000264455
-0.000269604
-0.000275014
-0.000279997
-0.000283631
-0.000284114
-0.000279163
-0.000270099
-0.000263671
-0.000263074
-0.000266195
-0.000270771
-0.000275637
-0.000280078
-0.000283181
-0.000283348
-0.000278874
-0.000271176
-0.000265655
-0.000264987
-0.000267651
-0.000271731
-0.000276119
-0.000280088
-0.000282745
-0.000282688
-0.00027866
-0.000272071
-0.000267297
-0.000266598
-0.000268883
-0.000272531
-0.000276497
-0.000280051
-0.000282332
-0.000282121
-0.000278501
-0.000272823
-0.000268671
-0.000267969
-0.000269939
-0.000273207
-0.000276796
-0.000279982
-0.000281946
-0.000281632
-0.000278383
-0.000273461
-0.000269831
-0.000269145
-0.00027085
-0.000273782
-0.000277033
-0.000279894
-0.00028159
-0.000281212
-0.000278296
-0.000274006
-0.00027082
-0.00027016
-0.000271643
-0.000274277
-0.000277223
-0.000279794
-0.000281264
-0.000280848
-0.000278232
-0.000274476
-0.000271668
-0.000271042
-0.000272336
-0.000274705
