-5.73603e-06
-0.000397418
-0.00064242
-0.000870405
-0.000186993
-0.000954922
-0.0014825
-0.00169918
-0.00184444
-0.0019757
-0.00209187
-0.00218222
-0.0022625
-0.00177556
-0.00205499
-0.00227436
-0.00244287
-0.00255279
-0.00260032
-0.00264444
-0.00268141
-0.00271347
-0.00272957
-0.00243134
-0.00256456
-0.00267816
-0.00277398
-0.00284685
-0.00289282
-0.00291642
-0.00293552
-0.00295257
-0.00263272
-0.00272357
-0.00280853
-0.00288411
-0.00295064
-0.00300584
-0.00304909
-0.00307131
-0.00308387
-0.00309423
-0.00282808
-0.00289514
-0.00295692
-0.00301331
-0.00306416
-0.00310841
-0.00314683
-0.00317171
-0.00318357
-0.00317817
-0.00295881
-0.00301051
-0.00305885
-0.00310371
-0.00314473
-0.00318162
-0.00321528
-0.00324094
-0.00325542
-0.00319143
-0.00305269
-0.0030946
-0.00313419
-0.00317138
-0.00320531
-0.00323726
-0.00326683
-0.00329152
-0.00330846
-0.00318495
-0.00312383
-0.00315894
-0.00319234
-0.00322398
-0.00325284
-0.00328086
-0.00330699
-0.00332995
-0.00334784
-0.00320452
-0.0031791
-0.00320915
-0.00323789
-0.0032653
-0.0032904
-0.00331509
-0.00333831
-0.00335936
-0.00337701
-0.003235
-0.00322233
-0.00324847
-0.00327357
-0.00329763
-0.00331981
-0.00334175
-0.00336254
-0.00338176
-0.00339857
-0.00326476
-0.00325626
-0.00327932
-0.00330154
-0.00332293
-0.00334277
-0.00336244
-0.00338122
-0.00339881
-0.00341455
-0.0032906
-0.0032831
-0.00330369
-0.00332361
-0.00334284
-0.00336077
-0.00337859
-0.00339569
-0.00341187
-0.00342647
-0.00331229
-0.00330458
-0.00332317
-0.0033412
-0.00335865
-0.00337502
-0.00339129
-0.00340698
-0.00342194
-0.00343541
-0.00333034
-0.003322
-0.00333892
-0.00335539
-0.00337137
-0.00338642
-0.0034014
-0.00341589
-0.00342979
-0.00344217
-0.00334539
-0.00333629
-0.00335182
-0.00336697
-0.00338171
-0.00339565
-0.00340952
-0.00342299
-0.00343596
-0.0034473
-0.00335801
-0.00334816
-0.0033625
-0.00337654
-0.00339021
-0.0034032
-0.00341612
-0.0034287
-0.00344086
-0.00345122
-0.00336865
-0.00335814
-0.00337145
-0.00338453
-0.00339728
-0.00340944
-0.00342153
-0.00343334
-0.00344479
-0.0034542
-0.0033777
-0.00336661
-0.00337902
-0.00339126
-0.00340322
-0.00341464
-0.00342602
-0.00343714
-0.00344795
-0.00345648
-0.00338543
-0.00337388
-0.00338549
-0.00339699
-0.00340825
-0.00341903
-0.00342976
-0.00344028
-0.00345051
-0.0034582
-0.00339209
-0.00338016
-0.00339105
-0.00340191
-0.00341254
-0.00342275
-0.00343291
-0.00344288
-0.0034526
-0.00345949
-0.00339786
-0.00338564
-0.00339588
-0.00340615
-0.00341623
-0.00342593
-0.00343558
-0.00344506
-0.0034543
-0.00346045
-0.00340288
-0.00339045
-0.0034001
-0.00340985
-0.00341943
-0.00342866
-0.00343785
-0.00344689
-0.0034557
-0.00346115
-0.00340728
-0.00339471
-0.00340381
-0.00341309
-0.00342221
-0.00343103
-0.0034398
-0.00344844
-0.00345685
-0.00346164
-0.00341114
-0.0033985
-0.00340709
-0.00341595
-0.00342466
-0.00343309
-0.00344148
-0.00344975
-0.0034578
-0.00346196
-0.00341456
-0.00340189
-0.00341001
-0.00341847
-0.00342681
-0.00343489
-0.00344294
-0.00345087
-0.00345857
-0.00346216
-0.0034176
-0.00340495
-0.00341262
-0.00342072
-0.00342872
-0.00343648
-0.0034442
-0.00345182
-0.00345921
-0.00346225
-0.0034203
-0.00340771
-0.00341496
-0.00342274
-0.00343041
-0.00343788
-0.00344531
-0.00345264
-0.00345972
-0.00346226
-0.00342272
-0.00341022
-0.00341707
-0.00342454
-0.00343193
-0.00343912
-0.00344627
-0.00345334
