-2.43434e-06
-0.000389336
-0.000679687
-0.000955688
-0.00086471
-0.00143388
-0.00163344
-0.0017629
-0.00188024
-0.00196467
-0.00203623
-0.00168678
-0.00192582
-0.00210821
-0.00223484
-0.00228346
-0.00231942
-0.00234905
-0.00237317
-0.00210035
-0.00222525
-0.00233116
-0.00241966
-0.00248077
-0.00250552
-0.00252161
-0.00251191
-0.00229307
-0.00237655
-0.00245095
-0.00251654
-0.00257209
-0.00260999
-0.00262437
-0.00262483
-0.00240879
-0.00247114
-0.00252833
-0.00258023
-0.00262651
-0.00266661
-0.00269175
-0.00270034
-0.00248765
-0.00253726
-0.00258356
-0.0026265
-0.00266547
-0.00270173
-0.00273166
-0.00274926
-0.00254555
-0.00258663
-0.0026254
-0.00266187
-0.00269532
-0.00272728
-0.00275604
-0.00277906
-0.00259017
-0.00262438
-0.00265753
-0.00268898
-0.00271811
-0.00274624
-0.00277241
-0.00279571
-0.00270017
-0.002653
-0.00268179
-0.00270928
-0.00273542
-0.00275992
-0.0027835
-0.00280536
-0.00282056
-0.00267457
-0.00269996
-0.00272431
-0.00274766
-0.00276959
-0.00279093
-0.00281108
-0.00282956
-0.00269113
-0.00271364
-0.0027355
-0.00275654
-0.00277642
-0.00279585
-0.00281441
-0.00283192
-0.00271743
-0.0027241
-0.00274391
-0.00276306
-0.00278136
-0.00279908
-0.00281622
-0.0028326
-0.00282208
-0.00273221
-0.00275034
-0.00276791
-0.00278492
-0.00280114
-0.00281705
-0.00283236
-0.00284551
-0.00273874
-0.00275531
-0.00277154
-0.00278731
-0.00280239
-0.00281723
-0.00283158
-0.00284529
-0.00274888
-0.0027592
-0.0027743
-0.00278899
-0.00280311
-0.00281699
-0.00283047
-0.00284352
-0.00280371
-0.00276229
-0.0027764
-0.00279015
-0.00280354
-0.00281646
-0.00282918
-0.00284153
-0.00284686
-0.00276491
-0.002778
-0.00279094
-0.00280357
-0.00281575
-0.00282778
-0.00283949
-0.0028502
-0.00276954
-0.00277924
-0.00279144
-0.00280338
-0.00281493
-0.00282633
-0.00283747
-0.00284824
-0.00279559
-0.00278019
-0.00279174
-0.00280306
-0.0028141
-0.00282487
-0.00283548
-0.00284583
-0.0028396
-0.00278105
-0.00279189
-0.00280265
-0.00281319
-0.00282343
-0.00283356
-0.00284347
-0.0028507
-0.00278325
-0.00279191
-0.00280217
-0.00281224
-0.00282202
-0.0028317
-0.0028412
-0.00285011
-0.00279618
-0.00279186
-0.00280165
-0.00281128
-0.00282067
-0.00282992
-0.00283903
-0.0028479
-0.00282956
-0.00279187
-0.0028011
-0.00281033
-0.00281938
-0.00282822
-0.00283697
-0.00284555
-0.00284795
-0.00279283
-0.00280054
-0.00280939
-0.0028181
-0.00282659
-0.00283502
-0.00284329
-0.00285025
-0.00279969
-0.00279999
-0.00280848
-0.00281686
-0.00282506
-0.00283316
-0.00284114
-0.00284875
-0.00282176
-0.00279955
-0.0028076
-0.00281567
-0.00282361
-0.00283139
-0.00283911
-0.00284664
-0.00284288
-0.00279983
-0.00280675
-0.00281453
-0.00282221
-0.00282972
-0.00283717
-0.0028445
-0.00284898
-0.00280364
-0.00280594
-0.00281344
-0.00282086
-0.00282813
-0.00283534
-0.00284245
-0.00284879
-0.00281753
-0.00280526
-0.0028124
-0.00281958
-0.00282664
-0.0028336
-0.00284049
-0.00284712
-0.00283694
-0.00280514
-0.0028114
-0.00281835
-0.00282521
-0.00283195
-0.00283864
-0.00284519
-0.00284649
-0.00280729
-0.00281046
