-1.94892e-07
-8.84207e-05
-0.000133445
-0.000138235
-0.000147213
-0.000207522
-0.000164259
-0.000165633
-0.000185182
-0.000177837
-0.000176112
-0.000172672
-0.000200433
-0.000183503
-0.000166387
-0.000226196
-0.000189207
-0.000163598
-0.000227977
-0.000194404
-0.000163116
-0.000221122
-0.000202401
-0.000164489
-0.000213708
-0.000216579
-0.000167614
-0.000207465
-0.000229404
-0.000172498
-0.000202632
-0.000233847
-0.000179392
-0.000199086
-0.000232873
-0.000189493
-0.000196616
-0.000229963
-0.000204418
-0.000195033
-0.000226632
-0.000221367
-0.000194211
-0.000223408
-0.000233321
-0.000194157
-0.00022046
-0.000238361
-0.000195166
-0.000217828
-0.000239055
-0.000198124
-0.000215514
-0.000237734
-0.000204562
-0.000213512
-0.000235597
-0.000215119
-0.00021183
-0.000233184
-0.00022689
-0.000210521
-0.000230735
-0.000235464
-0.000209744
-0.000228364
-0.000239583
-0.000209869
-0.000226126
-0.00024054
-0.000211568
-0.000224051
-0.000239794
-0.000215621
-0.000222167
-0.000238245
-0.000222089
-0.000220515
-0.000236356
-0.000229442
-0.000219182
-0.000234356
-0.00023543
-0.000218336
-0.000232362
-0.000238945
-0.000218274
-0.000230435
-0.000240257
-0.000219409
-0.000228615
-0.000240113
-0.000222101
-0.000226941
-0.000239143
-0.000226262
-0.000225468
-0.00023775
-0.000231061
-0.000224285
-0.000236164
-0.000235295
-0.000223539
-0.000234517
-0.000238162
-0.000223443
-0.000232884
-0.000239563
-0.000224243
-0.00023132
-0.00023981
-0.000226106
-0.000229872
-0.000239291
-0.000228926
-0.000228602
-0.000238314
-0.000232216
-0.000227591
-0.00023709
-0.000235281
-0.00022696
-0.000235752
-0.000237573
-0.000226856
-0.000234387
-0.000238896
-0.000227429
-0.000233057
-0.000239344
-0.000228755
-0.00023182
-0.000239133
-0.000230742
-0.000230736
-0.000238479
-0.000233087
-0.00022988
-0.000237554
-0.000235359
-0.000229344
-0.000236483
-0.00023718
-0.000229235
-0.000235354
-0.000238357
-0.000229645
-0.000234234
-0.000238884
-0.000230607
-0.000233184
-0.000238869
-0.000232048
-0.000232262
-0.000238452
-0.000233768
-0.000231536
-0.000237766
-0.000235484
-0.000231077
-0.000236919
-0.000236933
-0.000230963
-0.000235993
-0.000237949
-0.000231252
-0.000235058
-0.000238484
-0.000231958
-0.000234171
-0.000238584
-0.000233025
-0.00023339
-0.000238336
-0.000234312
-0.000232771
-0.000237837
-0.000235629
-0.000232374
-0.000237174
-0.000236786
-0.000232256
