-3.57498e-07
-0.000806348
-0.00137392
-0.00187506
-0.00181375
-0.00256166
-0.00298596
-0.00296732
-0.00307177
-0.00318201
-0.00325899
-0.00333804
-0.0033089
-0.00325515
-0.00341879
-0.00357851
-0.00370897
-0.00379525
-0.00386795
-0.00373333
-0.00375781
-0.00360604
-0.00363658
-0.00372281
-0.00380179
-0.00388676
-0.00396166
-0.00401505
-0.00406059
-0.00410187
-0.00393291
-0.003831
-0.00389141
-0.00395368
-0.00402704
-0.00411248
-0.00419415
-0.0042616
-0.00432016
-0.00437366
-0.00414441
-0.0042074
-0.00426609
-0.00432008
-0.00437376
-0.00442992
-0.00448209
-0.0045248
-0.00456092
-0.00459429
-0.00440339
-0.00444297
-0.00448066
-0.00451631
-0.00455328
-0.00459271
-0.00462992
-0.00466076
-0.00468637
-0.00470999
-0.00454748
-0.00457522
-0.00460227
-0.00462847
-0.00465645
-0.0046866
-0.00471539
-0.0047396
-0.00475949
-0.00477761
-0.00463654
-0.00465736
-0.00467821
-0.00469884
-0.00472132
-0.00474567
-0.00476915
-0.00478919
-0.00480556
-0.00482023
-0.00469581
-0.00471214
-0.00472902
-0.00474604
-0.00476484
-0.00478525
-0.0048051
-0.00482227
-0.00483631
-0.00484859
-0.00473745
-0.00475067
-0.00476483
-0.00477933
-0.0047955
-0.00481308
-0.00483029
-0.00484536
-0.00485773
-0.00486824
-0.00476796
-0.00477891
-0.0047911
-0.00480376
-0.00481796
-0.0048334
-0.0048486
-0.00486206
-0.00487319
-0.00488224
-0.00479106
-0.0048003
-0.004811
-0.00482225
-0.00483492
-0.00484869
-0.00486231
-0.0048745
-0.00488465
-0.00489241
-0.00480904
-0.00481694
-0.00482649
-0.00483662
-0.00484805
-0.00486048
-0.00487283
-0.00488399
-0.00489334
-0.00489991
-0.00482334
-0.00483017
-0.00483879
-0.00484802
-0.00485845
-0.00486978
-0.00488107
-0.00489137
-0.00490007
-0.00490546
-0.00483493
-0.0048409
-0.00484876
-0.00485724
-0.00486683
-0.00487723
-0.00488765
-0.00489721
-0.00490535
-0.00490957
-0.00484447
-0.00484973
-0.00485697
-0.00486481
-0.00487368
-0.00488331
-0.00489297
-0.0049019
-0.00490956
-0.0049126
-0.00485244
-0.00485711
-0.00486381
-0.00487111
-0.00487937
-0.00488832
-0.00489733
-0.00490571
-0.00491295
-0.00491482
-0.00485918
-0.00486335
-0.00486959
-0.00487642
-0.00488414
-0.00489251
-0.00490095
-0.00490885
-0.00491571
-0.00491641
-0.00486494
-0.00486868
-0.00487452
-0.00488094
-0.00488819
-0.00489605
-0.00490399
-0.00491146
-0.00491798
-0.00491754
-0.0048699
-0.00487327
-0.00487877
-0.00488482
-0.00489166
-0.00489906
-0.00490656
-0.00491364
-0.00491985
-0.00491831
-0.00487421
-0.00487727
-0.00488246
-0.00488819
-0.00489465
-0.00490165
-0.00490875
-0.00491548
-0.00492141
-0.00491881
-0.00487798
-0.00488077
-0.00488569
-0.00489112
-0.00489725
-0.00490389
-0.00491063
-0.00491705
-0.00492271
-0.00491912
-0.00488131
-0.00488386
-0.00488853
-0.00489371
-0.00489953
-0.00490584
-0.00491226
-0.0049184
-0.00492379
-0.00491929
-0.00488426
-0.00488661
-0.00489106
-0.00489599
-0.00490154
-0.00490755
-0.00491368
-0.00491955
-0.0049247
-0.00491936
-0.00488689
-0.00488906
-0.00489331
-0.00489802
-0.00490333
-0.00490906
-0.00491492
-0.00492056
-0.00492547
-0.00491936
-0.00488924
-0.00489126
-0.00489532
-0.00489984
-0.00490491
-0.0049104
-0.00491601
-0.00492143
-0.00492611
-0.00491932
-0.00489136
-0.00489324
-0.00489714
-0.00490147
-0.00490634
-0.00491159
-0.00491698
-0.00492219
-0.00492665
-0.00491925
-0.00489328
-0.00489503
-0.00489878
-0.00490295
-0.00490762
-0.00491266
-0.00491783
-0.00492285
-0.00492709
-0.00491916
-0.00489502
-0.00489666
-0.00490027
-0.00490428
-0.00490877
-0.00491362
-0.0049186
-0.00492344
-0.00492746
-0.00491907
-0.00489661
-0.00489815
-0.00490163
-0.0049055
-0.00490982
-0.00491449
-0.00491928
-0.00492395
-0.00492776
-0.00491898
-0.00489806
-0.00489952
-0.00490287
-0.00490661
-0.00491077
-0.00491527
-0.0049199
-0.00492441
-0.004928
-0.0049189
-0.00489939
-0.00490077
-0.00490401
-0.00490762
-0.00491164
-0.00491598
-0.00492045
-0.00492482
-0.00492819
-0.00491883
-0.00490061
-0.00490192
-0.00490506
-0.00490855
-0.00491244
-0.00491663
-0.00492096
-0.00492517
-0.00492834
-0.00491876
-0.00490173
-0.00490298
-0.00490603
-0.00490941
-0.00491317
-0.00491722
-0.00492141
-0.00492549
-0.00492845
-0.00491871
-0.00490277
-0.00490397
-0.00490693
-0.00491021
-0.00491384
-0.00491777
-0.00492182
-0.00492578
-0.00492853
-0.00491867
-0.00490374
-0.00490488
-0.00490776
-0.00491094
-0.00491447
-0.00491827
-0.0049222
-0.00492603
-0.00492857
-0.00491865
-0.00490463
-0.00490573
-0.00490853
-0.00491162
-0.00491504
-0.00491873
-0.00492254
-0.00492626
-0.0049286
-0.00491863
-0.00490547
-0.00490652
-0.00490925
-0.00491225
-0.00491558
-0.00491916
-0.00492286
-0.00492646
-0.00492859
-0.00491862
-0.00490625
-0.00490726
-0.00490992
-0.00491285
-0.00491607
-0.00491955
-0.00492315
-0.00492664
-0.00492857
-0.00491862
-0.00490697
-0.00490795
-0.00491054
