-1.14164e-05
-0.000677366
-0.000981208
-0.00121751
-0.0012781
-0.00131473
-0.00148953
-0.00144582
-0.00143811
-0.00160431
-0.00159062
-0.0015063
-0.00165575
-0.00168513
-0.00155097
-0.00168122
-0.00173892
-0.00158306
-0.00169662
-0.00176693
-0.00160715
-0.00170743
-0.00177942
-0.00162637
-0.00171491
-0.00178372
-0.00164667
-0.00171924
-0.00178397
-0.00168342
-0.00172166
-0.00178222
-0.00174423
-0.00172293
-0.0017795
-0.00179163
-0.00172354
-0.00177636
-0.00180938
-0.00172413
-0.00177316
-0.00181214
-0.00172605
-0.00177003
-0.0018097
-0.00173237
-0.00176687
-0.00180561
-0.00174737
-0.00176374
-0.00180109
-0.00177055
-0.00176083
-0.00179657
-0.00179227
-0.0017584
-0.00179222
-0.00180489
-0.00175696
-0.00178813
-0.00180931
-0.00175747
-0.00178431
-0.00180908
-0.00176131
-0.00178074
-0.00180669
-0.00176946
-0.00177745
-0.0018034
-0.0017808
-0.00177459
-0.00179982
-0.00179197
-0.00177238
-0.00179622
-0.00179992
-0.00177124
-0.00179273
-0.00180397
-0.0017717
