-4.32973e-06
-0.000397943
-0.000683469
-0.000957724
-0.00105076
-0.00143907
-0.00162118
-0.00175012
-0.0018668
-0.00195111
-0.00202265
-0.00187849
-0.00202735
-0.00214162
-0.00222551
-0.00226855
-0.00230474
-0.00233458
-0.00236027
-0.00223611
-0.00231125
-0.00237501
-0.00242905
-0.00246885
-0.00249078
-0.00250712
-0.00250872
-0.00240709
-0.00245622
-0.00250009
-0.00253882
-0.00257214
-0.00259715
-0.00260991
-0.00261487
-0.00251131
-0.00254743
-0.00258067
-0.00261079
-0.00263764
-0.0026619
-0.00267852
-0.00268651
-0.00258308
-0.00261148
-0.00263807
-0.00266273
-0.00268489
-0.00270615
-0.00272415
-0.00273586
-0.00263617
-0.00265944
-0.00268146
-0.0027022
-0.00272093
-0.00273929
-0.00275599
-0.00276973
-0.00267701
-0.00269613
-0.00271471
-0.00273236
-0.00274844
-0.0027643
-0.00277912
-0.00279245
-0.00274349
-0.00272392
-0.00273982
-0.00275502
-0.00276944
-0.00278281
-0.00279591
-0.0028081
-0.00281687
-0.00274482
-0.00275865
-0.00277193
-0.00278466
-0.00279643
-0.00280809
-0.00281913
-0.0028293
-0.00276077
-0.00277288
-0.00278465
-0.00279598
-0.00280654
-0.00281702
-0.00282704
-0.00283651
-0.00277933
-0.00278379
-0.00279435
-0.00280456
-0.00281422
-0.00282364
-0.0028328
-0.00284155
-0.0028358
-0.00279228
-0.00280187
-0.00281116
-0.00282015
-0.00282861
-0.00283704
-0.00284515
-0.00285214
-0.00279908
-0.00280777
-0.0028163
-0.00282458
-0.0028324
-0.00284019
-0.00284774
-0.00285495
-0.00280683
-0.00281248
-0.00282036
-0.00282803
-0.00283532
-0.00284256
-0.00284961
-0.00285643
-0.00283525
-0.00281628
-0.00282361
-0.00283076
-0.0028377
-0.00284435
-0.00285096
-0.00285738
-0.00286004
-0.00281945
-0.00282623
-0.00283292
-0.00283946
-0.00284569
-0.00285192
-0.00285798
-0.00286353
-0.00282325
-0.00282837
-0.00283467
-0.00284082
-0.00284671
-0.00285259
-0.00285834
-0.0028639
-0.00283666
-0.00283013
-0.00283607
-0.00284189
-0.00284754
-0.00285305
-0.0028585
-0.00286383
-0.00286016
-0.00283166
-0.00283721
-0.00284273
-0.00284814
-0.00285334
-0.00285853
-0.00286361
-0.00286727
-0.00283364
-0.00283815
-0.00284339
-0.00284854
-0.0028535
-0.00285846
-0.00286332
-0.00286788
-0.00284039
-0.00283892
-0.00284391
-0.00284883
-0.0028536
-0.00285831
-0.00286296
-0.00286749
-0.00285743
-0.00283961
-0.00284432
-0.00284902
-0.00285363
-0.0028581
-0.00286256
-0.00286694
-0.00286795
-0.00284065
-0.00284463
-0.00284914
-0.00285357
-0.00285786
-0.00286214
-0.00286636
-0.00286987
-0.0028443
-0.00284488
-0.00284919
-0.00285345
-0.00285759
-0.0028617
-0.00286576
-0.00286963
-0.00285526
-0.00284512
-0.00284921
-0.00285331
-0.00285732
-0.00286126
-0.00286517
-0.00286899
-0.00286667
-0.00284563
-0.00284918
-0.00285313
-0.00285702
-0.0028608
-0.00286458
-0.0028683
-0.00287048
-0.00284771
-0.00284914
-0.00285294
-0.0028567
-0.00286036
-0.00286401
-0.00286761
-0.0028708
-0.0028545
-0.00284912
-0.00285273
-0.00285637
-0.00285993
-0.00286344
-0.00286693
-0.00287028
-0.00286456
-0.00284932
-0.00285252
-0.00285603
-0.0028595
-0.00286289
-0.00286627
-0.00286958
-0.00287003
-0.00285052
-0.0028523
