-6.29317e-06
-0.000191741
-0.000282325
-0.000141462
1.27651e-05
-0.000308558
-0.000430446
-0.000455921
-0.000477334
-0.000488303
-0.000477677
-0.00016733
-0.000259875
-0.000384126
-0.000469276
-0.000516098
-0.000538818
-0.000545272
-0.000501934
-0.000297619
-0.000337295
-0.000413903
-0.000476187
-0.000521425
-0.000552622
-0.000566325
-0.000527928
-0.000375008
-0.000378074
-0.000430875
-0.000479555
-0.00051895
-0.000550638
-0.000569943
-0.000549065
-0.000433189
-0.000406245
-0.000442023
-0.000481266
-0.000515366
-0.000544625
-0.000565703
-0.000559333
-0.00047873
-0.000430254
-0.000450315
-0.000481961
-0.000511669
-0.000538009
-0.000558858
-0.000561386
-0.000510665
-0.000453684
-0.000457785
-0.000482293
-0.000508142
-0.000531791
-0.0005516
-0.000559016
-0.000529894
-0.000476504
-0.000465903
-0.000482861
-0.00050499
-0.000526244
-0.000544741
-0.000554671
-0.000539737
-0.000496623
-0.000475378
