-8.25689e-05
-0.00384218
-0.00684926
-0.00880731
-0.00996719
-0.0107574
-0.0113875
-0.0118332
-0.0121479
-0.0125005
-0.0127506
-0.0129026
-0.0131493
-0.0133168
-0.0133906
-0.0135778
-0.01371
-0.0137389
-0.0138871
-0.0140031
-0.0140036
-0.0141254
-0.0142308
-0.0142138
-0.0143201
-0.0144109
-0.0143857
-0.0144778
-0.014557
-0.0145287
-0.0146085
-0.0146777
-0.0146488
-0.0147168
-0.0147772
-0.0148255
-0.0148059
-0.0148586
-0.0149074
-0.0148788
-0.0149252
-0.0149689
-0.0149386
-0.0149799
-0.0150189
-0.0149879
-0.015026
-0.0150599
-0.0150289
-0.0150632
-0.0150939
-0.0150638
-0.0150942
-0.0151223
-0.0151302
-0.0151204
-0.0151461
-0.0151706
-0.0151426
-0.0151664
-0.0151894
-0.0151615
-0.0151837
-0.0152052
-0.0151778
-0.0151992
-0.0152187
-0.0151919
-0.015212
-0.0152303
-0.015205
-0.015223
-0.0152404
-0.0152353
-0.0152327
-0.0152491
-0.0152639
-0.0152412
-0.0152568
-0.0152721
-0.0152486
-0.0152636
-0.0152782
-0.0152552
-0.0152698
-0.0152835
-0.0152611
-0.0152751
-0.0152882
-0.0152673
-0.0152797
-0.0152923
-0.0152835
-0.0152839
-0.0152959
-0.0153048
-0.0152875
-0.0152992
-0.0153105
-0.0152908
-0.0153021
-0.0153132
-0.0152938
-0.0153049
-0.0153154
-0.0152965
-0.0153072
-0.0153174
-0.0152998
-0.0153093
-0.0153192
-0.0153096
-0.0153111
-0.0153207
-0.0153254
-0.0153128
-0.0153221
-0.0153307
-0.0153143
-0.0153234
-0.0153323
-0.0153156
-0.0153246
-0.0153332
-0.0153169
-0.0153256
-0.015334
-0.0153189
-0.0153265
-0.0153347
-0.0153252
-0.0153273
-0.0153352
-0.0153369
-0.015328
-0.0153358
-0.0153423
-0.0153286
-0.0153362
-0.0153436
-0.0153291
-0.0153366
-0.015344
-0.0153297
-0.015337
-0.0153442
-0.015331
-0.0153373
-0.0153443
-0.0153353
-0.0153376
-0.0153444
-0.0153439
-0.0153377
-0.0153445
-0.0153493
-0.0153379
-0.0153445
-0.0153507
-0.0153381
-0.0153445
-0.0153508
-0.0153383
-0.0153446
-0.0153508
-0.0153391
-0.0153445
-0.0153506
-0.0153422
-0.0153445
-0.0153505
-0.0153486
-0.0153444
-0.0153503
-0.0153536
-0.0153443
-0.0153501
-0.0153552
-0.0153442
-0.0153499
-0.0153554
-0.0153443
-0.0153498
-0.0153553
-0.0153448
-0.0153496
-0.015355
-0.0153471
-0.0153493
-0.0153547
-0.0153519
-0.0153491
-0.0153544
-0.0153564
-0.0153489
-0.0153541
-0.0153583
-0.0153487
-0.0153538
-0.0153586
-0.0153486
-0.0153535
-0.0153584
-0.015349
-0.0153532
-0.0153581
-0.0153507
-0.0153529
-0.0153577
-0.0153544
-0.0153526
-0.0153573
-0.0153583
-0.0153523
-0.015357
-0.0153603
-0.015352
