-2.55206e-05
-0.00258075
-0.00477708
-0.0062915
-0.00717857
-0.00777253
-0.00826246
-0.00859337
-0.00882236
-0.00910522
-0.00929278
-0.00938998
-0.00959511
-0.00972047
-0.00975669
-0.00991521
-0.0100168
-0.0100182
-0.0101448
-0.0102375
-0.0102168
-0.0103214
-0.0104088
-0.0103744
-0.0104645
-0.0105427
-0.0105033
-0.0105819
-0.0106504
-0.0106104
-0.0106788
-0.0107389
-0.0106991
-0.0107586
-0.0108111
-0.0108456
-0.0108234
-0.0108696
-0.0109117
-0.010876
-0.0109168
-0.0109548
-0.0109187
-0.0109551
-0.0109893
-0.0109536
-0.0109871
-0.0110174
-0.0109823
-0.0110128
-0.0110405
-0.0110063
-0.0110342
-0.0110597
-0.0110523
-0.0110521
-0.0110757
-0.0110979
-0.0110672
-0.0110892
-0.0111101
-0.0110801
-0.0111006
-0.0111203
-0.0110911
-0.0111107
-0.011129
-0.0111006
-0.0111191
-0.0111364
-0.0111089
-0.0111263
-0.0111427
-0.0111276
-0.0111326
-0.0111482
-0.0111623
-0.0111381
-0.011153
-0.0111674
-0.0111429
-0.0111571
-0.011171
-0.0111471
-0.0111609
-0.0111741
-0.0111508
-0.0111642
-0.0111767
-0.0111543
-0.011167
-0.0111791
-0.0111636
-0.0111694
-0.0111811
-0.0111898
-0.0111716
-0.0111829
-0.0111939
-0.0111735
-0.0111845
-0.0111952
-0.0111752
-0.0111859
-0.0111962
-0.0111767
-0.0111872
-0.0111971
-0.0111783
-0.0111882
-0.0111979
-0.0111836
-0.0111891
-0.0111986
-0.0112027
-0.01119
-0.0111991
-0.0112078
-0.0111907
-0.0111996
-0.0112083
-0.0111913
-0.0112
-0.0112085
-0.0111918
-0.0112004
-0.0112087
-0.0111925
-0.0112007
-0.0112088
-0.0111958
-0.0112009
-0.0112088
-0.0112095
-0.0112011
-0.0112088
-0.0112157
-0.0112012
-0.0112088
-0.0112162
-0.0112013
-0.0112087
-0.011216
-0.0112014
-0.0112087
-0.0112158
-0.0112017
-0.0112086
-0.0112155
-0.0112038
-0.0112085
-0.0112153
-0.0112136
-0.0112083
-0.011215
-0.0112203
-0.0112082
-0.0112147
-0.0112211
-0.011208
-0.0112145
-0.0112208
-0.0112079
-0.0112142
-0.0112204
-0.0112079
-0.0112139
-0.01122
-0.0112094
-0.0112136
-0.0112196
-0.0112163
-0.0112133
-0.0112192
-0.011223
-0.011213
-0.0112188
-0.0112242
-0.0112127
-0.0112184
-0.011224
-0.0112124
-0.0112181
-0.0112236
-0.0112123
-0.0112177
-0.0112231
-0.0112134
-0.0112173
-0.0112226
-0.0112184
-0.0112169
-0.0112222
-0.0112245
-0.0112165
-0.0112217
-0.0112263
-0.0112161
-0.0112213
-0.0112262
-0.0112158
-0.0112208
-0.0112258
-0.0112156
-0.0112204
-0.0112253
-0.0112164
-0.01122
-0.0112248
-0.01122
-0.0112195
-0.0112243
-0.0112254
-0.0112191
-0.0112238
-0.0112276
-0.0112187
-0.0112234
-0.0112278
-0.0112183
-0.0112229
-0.0112274
-0.0112181
-0.0112225
-0.0112269
-0.0112186
-0.011222
-0.0112264
-0.0112214
-0.0112216
-0.0112259
-0.011226
-0.0112211
-0.0112254
-0.0112285
-0.0112207
-0.011225
-0.0112289
-0.0112203
-0.0112245
-0.0112286
-0.0112201
-0.011224
-0.0112281
-0.0112204
-0.0112236
-0.0112276
-0.0112225
