-6.2585e-08
-0.000267925
-0.000434087
-0.000581367
-0.000696899
-0.000861885
-0.000857827
-0.000912724
-0.00097736
-0.000996672
-0.00102859
-0.00104709
-0.0010869
-0.00110244
-0.00109723
-0.0011994
-0.00115482
-0.00113676
-0.00122512
-0.00119455
-0.00116902
-0.00124557
-0.00122642
-0.00119555
-0.00126127
-0.00130379
-0.00121756
-0.0012735
-0.00131811
-0.00123618
-0.00128392
-0.00132798
-0.00125496
-0.00130091
-0.00135143
-0.00129197
-0.00133833
-0.0013893
-0.00133689
-0.00137525
-0.00142175
-0.00145561
-0.00140552
-0.00144701
-0.0014788
-0.00143012
-0.0014667
-0.00149717
-0.00145026
-0.00148236
-0.00151207
-0.00146691
-0.00149514
-0.00152426
-0.00148079
-0.00150587
-0.00153419
-0.00149496
-0.0015151
-0.00154217
-0.00155992
-0.00152315
-0.0015485
-0.0015678
-0.00153023
-0.00155352
-0.00157284
-0.00153644
-0.00155759
-0.0015771
-0.00154186
-0.00156099
-0.00158066
-0.00154661
-0.00156395
-0.00158356
-0.0015529
-0.00156663
-0.00158582
-0.00159469
-0.00156911
-0.0015875
-0.00160146
-0.00157143
-0.00158871
-0.001603
-0.0015736
-0.00158961
-0.00160423
-0.00157558
-0.00159029
-0.00160521
-0.0015774
-0.00159088
-0.00160592
-0.00158082
-0.00159143
-0.00160633
-0.0016087
-0.001592
-0.00160648
-0.0016173
-0.0015926
-0.00160641
-0.0016178
-0.00159323
-0.0016062
-0.00161794
-0.00159385
-0.00160592
-0.00161796
-0.00159449
-0.00160562
-0.00161783
-0.00159657
-0.00160536
-0.00161755
-0.00161539
-0.00160516
-0.00161711
-0.00162563
-0.00160503
-0.00161656
-0.00162602
-0.00160498
-0.00161593
-0.00162574
-0.00160499
-0.00161527
-0.00162537
-0.00160508
-0.00161462
-0.0016249
-0.00160644
-0.00161402
-0.00162433
-0.00161933
-0.00161348
-0.00162366
-0.00163019
-0.00161302
-0.00162292
-0.00163097
-0.00161265
-0.00162213
-0.00163056
-0.00161235
-0.00162133
-0.00163002
-0.00161217
-0.00162054
-0.00162941
-0.00161308
-0.00161979
-0.00162872
-0.0016221
-0.00161911
-0.00162797
-0.00163267
-0.00161849
-0.00162717
-0.00163409
-0.00161796
-0.00162633
-0.00163371
-0.0016175
-0.00162548
-0.00163311
-0.00161719
-0.00162465
-0.00163245
-0.00161781
-0.00162386
-0.00163173
-0.00162427
-0.00162311
-0.00163096
-0.00163396
-0.00162243
-0.00163015
-0.0016361
-0.00162182
-0.00162931
-0.00163585
-0.00162129
-0.00162847
-0.00163526
-0.0016209
-0.00162764
-0.00163459
-0.00162131
-0.00162684
-0.00163387
-0.00162604
-0.00162608
-0.00163311
-0.00163458
-0.00162537
-0.00163232
-0.00163738
-0.00162473
-0.00163151
-0.00163734
-0.00162416
-0.00163069
-0.00163679
-0.00162373
-0.00162988
-0.00163614
-0.00162399
-0.00162909
-0.00163545
-0.00162752
-0.00162834
-0.00163471
-0.00163485
-0.00162764
-0.00163395
-0.00163816
-0.00162698
-0.00163317
-0.0016384
-0.0016264
-0.00163239
-0.00163792
-0.00162596
-0.00163161
-0.00163731
-0.00162611
-0.00163085
-0.00163664
-0.00162878
-0.00163012
-0.00163594
-0.00163496
-0.00162942
-0.00163521
-0.0016386
-0.00162878
-0.00163447
-0.00163914
-0.00162819
-0.00163372
-0.00163877
-0.00162774
-0.00163297
-0.00163819
-0.00162781
-0.00163224
-0.00163756
-0.00162986
-0.00163154
-0.00163689
-0.00163502
-0.00163086
-0.0016362
-0.0016388
-0.00163023
-0.00163549
-0.00163965
-0.00162966
-0.00163478
-0.0016394
-0.00162921
-0.00163407
-0.00163888
-0.00162921
-0.00163337
-0.00163828
-0.0016308
-0.00163269
-0.00163765
-0.00163508
-0.00163204
-0.00163699
-0.00163884
-0.00163143
-0.00163632
-0.00163998
-0.00163087
-0.00163564
-0.00163988
-0.00163042
-0.00163497
-0.00163942
-0.00163038
-0.0016343
-0.00163886
-0.00163162
-0.00163365
-0.00163826
-0.00163515
-0.00163302
-0.00163764
-0.00163878
-0.00163243
-0.001637
-0.00164018
-0.00163188
-0.00163636
-0.00164023
-0.00163145
-0.00163571
-0.00163985
-0.00163136
-0.00163508
-0.00163933
-0.00163233
-0.00163446
-0.00163876
-0.00163526
-0.00163385
-0.00163817
-0.00163867
-0.00163328
-0.00163756
-0.00164027
-0.00163275
-0.00163695
-0.00164049
-0.00163232
-0.00163634
-0.00164018
-0.0016322
-0.00163573
-0.00163971
-0.00163297
-0.00163514
-0.00163917
-0.00163538
-0.00163456
-0.00163861
-0.00163853
-0.001634
-0.00163804
-0.00164029
-0.00163349
-0.00163746
-0.00164067
-0.00163308
-0.00163687
-0.00164045
-0.00163293
-0.00163629
-0.00164002
-0.00163353
-0.00163572
-0.00163952
-0.00163553
-0.00163517
-0.00163899
-0.00163839
-0.00163463
-0.00163844
-0.00164025
-0.00163414
-0.00163789
-0.00164078
-0.00163373
-0.00163733
-0.00164065
-0.00163357
-0.00163677
-0.00164028
-0.00163403
-0.00163623
-0.00163981
-0.00163569
-0.00163569
-0.0016393
-0.00163826
-0.00163518
-0.00163878
-0.00164016
-0.0016347
-0.00163826
-0.00164084
-0.00163431
-0.00163772
-0.00164081
-0.00163413
-0.00163719
-0.00164049
-0.00163448
-0.00163667
-0.00164005
-0.00163586
-0.00163615
-0.00163958
-0.00163814
-0.00163566
-0.00163908
-0.00164005
-0.0016352
-0.00163858
-0.00164086
-0.00163482
-0.00163807
