-1.45948e-06
-0.000213261
-0.000288235
-0.000326037
-0.000189397
-0.000360874
-0.000462109
-0.000449677
-0.000420365
-0.000426218
-0.000428805
-0.000431335
-0.000402749
-0.00035283
-0.000396522
-0.000447085
-0.000487097
-0.000509931
-0.000501827
-0.000476472
-0.000464192
-0.00043858
-0.000402223
-0.000414992
-0.00044423
-0.000473081
-0.000498162
-0.000517109
-0.000524525
-0.000511573
-0.000477143
-0.000438025
-0.000432975
-0.000449784
-0.000470931
-0.000491585
-0.000510315
-0.000525868
-0.00053536
-0.000529416
-0.000489956
-0.000457463
-0.000460815
-0.000475244
-0.000491569
-0.000507529
-0.000522289
-0.000534996
-0.00054335
-0.000538074
-0.000502981
-0.000477826
-0.00048158
-0.000493317
-0.000506358
-0.000519176
-0.000531169
-0.000541607
-0.000548205
-0.000542309
-0.000513394
-0.000493631
-0.000496291
-0.000505812
-0.000516552
-0.000527191
-0.000537207
-0.000545873
-0.000550824
-0.000544508
-0.000521119
-0.000505285
-0.000506852
-0.000514629
-0.000523688
-0.000532749
-0.000541294
-0.000548549
-0.000552129
-0.000545771
-0.000526825
-0.000513925
-0.000514662
-0.000521065
-0.00052884
-0.000536704
-0.000544106
-0.000550214
-0.000552713
-0.000546586
-0.000531109
-0.000520451
-0.000520614
-0.000525924
-0.00053268
-0.000539598
-0.000546078
-0.000551241
-0.000552912
-0.00054717
-0.000534397
-0.000525484
-0.000525268
-0.000529704
-0.000535626
-0.00054177
-0.000547485
-0.000551865
-0.000552915
-0.000547626
-0.000536974
-0.000529444
-0.000528989
-0.000532718
-0.000537943
-0.000543434
-0.000548502
-0.000552228
-0.000552821
-0.000548002
-0.000539034
-0.000532615
-0.000532017
-0.000535171
-0.000539804
-0.000544734
-0.000549245
-0.000552425
-0.000552687
-0.000548325
-0.000540708
-0.000535194
-0.000534519
-0.000537202
-0.000541324
-0.000545765
-0.000549792
-0.000552514
-0.00055254
-0.000548608
-0.000542088
-0.000537321
-0.000536612
-0.000538907
-0.000542586
-0.000546594
-0.000550196
-0.000552533
-0.000552395
-0.000548859
-0.00054324
-0.000539095
-0.000538381
-0.000540355
-0.000543645
-0.000547267
-0.000550495
-0.000552509
-0.000552259
-0.000549084
-0.000544212
-0.000540589
-0.000539891
-0.000541596
-0.000544543
-0.000547821
-0.000550716
-0.000552457
-0.000552136
-0.000549285
-0.00054504
-0.00054186
-0.000541188
-0.000542667
-0.000545312
-0.000548279
-0.000550879
-0.000552388
-0.000552024
-0.000549466
-0.00054575
-0.000542949
-0.000542311
-0.000543598
-0.000545974
