-3.63255e-07
-0.00078004
-0.00134361
-0.0017159
-0.00210046
-0.00260879
-0.00262161
-0.00275669
-0.00287294
-0.00295714
-0.00304001
-0.00293882
-0.00310003
-0.00326062
-0.00337467
-0.00345831
-0.0033581
-0.00338779
-0.00323831
-0.00333098
-0.00341088
-0.00349592
-0.00357523
-0.00363051
-0.00367887
-0.0036582
-0.00346712
-0.00352894
-0.00360105
-0.00368846
-0.00378229
-0.00386205
-0.00392742
-0.00398643
-0.00381014
-0.00387334
-0.00393127
-0.00398591
-0.00404401
-0.00409847
-0.00414167
-0.00417912
-0.00420235
-0.00406656
-0.00410493
-0.00414116
-0.00417984
-0.00422015
-0.00425459
-0.00428208
-0.00430719
-0.00417745
-0.00420551
-0.00423205
-0.00425955
-0.00429023
-0.0043194
-0.00434276
-0.00436243
-0.00430427
-0.00426905
-0.00428987
-0.00431068
-0.00433427
-0.00435898
-0.00438043
-0.00439742
-0.00441255
-0.00431181
-0.00432892
-0.0043456
-0.00436399
-0.00438466
-0.0044044
-0.00442046
-0.00443371
-0.00435288
-0.00435653
-0.00437052
-0.00438525
-0.0044023
-0.00442008
-0.00443571
-0.00444813
-0.0044574
-0.00437678
-0.0043889
-0.00440113
-0.00441512
-0.00443073
-0.00444569
-0.00445804
-0.0044681
-0.00439501
-0.00440281
-0.00441335
-0.00442492
-0.00443835
-0.00445225
-0.0044646
-0.0044745
-0.00447447
-0.00441358
-0.00442294
-0.00443271
-0.0044441
-0.00445668
-0.00446874
-0.00447883
-0.00448692
-0.00442321
-0.00443056
-0.00443907
-0.0044487
-0.00445982
-0.00447125
-0.00448148
-0.00448977
-0.00447423
-0.00443668
-0.00444432
-0.00445255
-0.0044622
-0.00447275
-0.00448286
-0.00449143
-0.00449779
-0.00444221
-0.00444866
-0.00445587
-0.00446417
-0.00447367
-0.00448339
-0.00449214
-0.00449928
-0.00446976
-0.00445227
-0.00445875
-0.00446591
-0.00447431
-0.0044834
-0.00449212
-0.00449957
-0.00450348
-0.00445558
-0.00446123
-0.00446752
-0.00447485
-0.00448316
-0.00449161
-0.00449927
-0.00450549
-0.0044695
-0.00446336
-0.00446901
-0.0044754
-0.00448284
-0.00449083
-0.0044985
-0.0045051
-0.00450489
-0.00446536
-0.00447038
-0.00447599
-0.00448257
-0.00448996
-0.00449744
-0.00450424
-0.00450959
-0.00447259
-0.00447159
-0.00447663
-0.00448241
-0.0044891
-0.00449623
-0.00450307
-0.00450899
-0.00450281
-0.00447277
-0.00447728
-0.00448238
-0.00448835
-0.004495
-0.00450172
-0.00450784
-0.0045121
-0.00447671
-0.0044779
-0.00448247
-0.00448776
-0.00449384
-0.00450028
-0.00450646
-0.00451178
-0.00449904
-0.00447854
-0.00448265
-0.00448733
-0.00449281
-0.00449886
-0.00450495
-0.00451051
-0.00451319
-0.00448076
-0.00448287
-0.00448706
-0.00449195
-0.00449753
-0.0045034
-0.00450902
-0.00451377
-0.00449571
-0.00448314
-0.00448693
-0.00449127
-0.00449633
-0.00450188
-0.00450745
-0.00451253
-0.00451292
-0.00448438
-0.00448687
-0.00449076
-0.0044953
-0.00450045
-0.00450585
-0.00451101
-0.00451512
-0.00449386
-0.00448689
-0.0044904
-0.00449446
-0.00449916
-0.00450429
-0.00450942
-0.00451407
-0.00451143
-0.00448753
-0.00449015
-0.00449379
-0.00449804
-0.00450283
-0.00450781
-0.00451258
-0.00451588
-0.00449341
-0.00448998
-0.00449328
-0.00449709
-0.00450149
-0.00450625
-0.004511
-0.00451525
-0.00450913
-0.00449025
-0.00449288
-0.00449631
-0.0045003
-0.00450477
-0.00450941
-0.00451383
-0.00451606
-0.00449387
-0.00449258
-0.00449569
-0.00449929
-0.00450342
-0.00450786
-0.00451229
-0.00451611
-0.00450663
-0.0044926
-0.0044952
-0.00449844
-0.00450221
-0.0045064
-0.00451073
-0.00451484
-0.00451564
-0.0044948
-0.00449479
-0.00449774
-0.00450115
-0.00450505
-0.00450921
-0.00451335
-0.00451667
-0.00450447
-0.00449463
-0.00449717
-0.00450026
-0.00450382
-0.00450777
-0.00451183
-0.00451564
-0.00451465
-0.00449594
-0.0044967
-0.00449951
-0.00450275
-0.00450643
-0.00451035
-0.00451423
-0.00451695
-0.00450293
-0.00449641
-0.00449888
-0.00450182
-0.00450521
-0.00450894
-0.00451276
-0.00451626
-0.00451323
-0.00449714
-0.00449835
-0.00450104
-0.00450413
-0.00450762
-0.00451132
-0.00451496
-0.00451692
-0.00450204
-0.00449797
-0.00450037
-0.00450319
-0.00450641
-0.00450995
-0.00451355
-0.00451672
-0.00451157
-0.00449831
-0.00449979
-0.00450238
