-1.47814e-05
-0.00259809
-0.00484038
-0.00636807
-0.0072595
-0.00781876
-0.00834704
-0.00867109
-0.00884865
-0.00918945
-0.00937562
-0.00940499
-0.00967719
-0.00980279
-0.00976447
-0.00998618
-0.0100979
-0.0100209
-0.0102028
-0.0103176
-0.0102158
-0.0103689
-0.0104874
-0.0103704
-0.0105036
-0.0106157
-0.010497
-0.0106143
-0.0107155
-0.0106023
-0.010706
-0.0107967
-0.0106897
-0.0107815
-0.0108627
-0.0109073
-0.0108429
-0.0109158
-0.0109809
-0.0108925
-0.0109584
-0.0110186
-0.0109327
-0.0109928
-0.0110483
-0.0109655
-0.0110213
-0.0110719
-0.0109924
-0.0110439
-0.0110909
-0.0110147
-0.0110625
-0.0111065
-0.0110853
-0.0110779
-0.0111192
-0.0111575
-0.0110908
-0.0111297
-0.0111664
-0.0111017
-0.0111384
-0.0111733
-0.0111109
-0.0111461
-0.011179
-0.0111187
-0.0111522
-0.0111836
-0.0111256
-0.0111574
-0.0111874
-0.0111544
-0.0111617
-0.0111905
-0.0112159
-0.0111655
-0.0111931
-0.0112196
-0.0111686
-0.0111952
-0.0112208
-0.0111713
-0.0111971
-0.0112216
-0.0111736
-0.0111985
-0.0112222
-0.0111758
-0.0111997
-0.0112226
-0.0111903
-0.0112006
-0.0112228
-0.0112385
-0.0112013
-0.0112228
-0.0112435
-0.0112018
-0.0112227
-0.011243
-0.0112022
-0.0112226
-0.0112423
-0.0112025
-0.0112224
-0.0112415
-0.011203
-0.0112221
-0.0112407
-0.0112113
-0.0112217
-0.0112398
-0.0112474
-0.0112213
-0.011239
-0.0112556
-0.0112208
-0.0112381
-0.0112549
-0.0112203
-0.0112372
-0.0112536
-0.0112198
-0.0112363
-0.0112524
-0.0112195
-0.0112354
-0.0112511
-0.0112247
-0.0112345
-0.0112499
-0.0112508
-0.0112336
-0.0112486
-0.0112619
-0.0112327
-0.0112474
-0.0112617
-0.0112318
-0.0112463
-0.0112604
-0.0112309
-0.0112451
-0.011259
-0.0112304
-0.011244
-0.0112576
-0.0112338
-0.0112429
-0.0112562
-0.0112525
-0.0112418
-0.0112549
-0.011265
-0.0112407
-0.0112535
-0.0112658
-0.0112396
-0.0112523
-0.0112646
-0.0112386
-0.011251
-0.0112632
-0.0112379
-0.0112498
-0.0112618
-0.0112402
-0.0112486
-0.0112604
-0.0112537
-0.0112475
-0.0112591
-0.0112663
-0.0112463
-0.0112577
-0.0112683
-0.0112452
-0.0112564
-0.0112674
-0.0112441
-0.0112552
-0.0112661
-0.0112434
-0.011254
-0.0112647
-0.011245
-0.0112528
-0.0112633
-0.0112547
-0.0112516
-0.011262
-0.0112665
-0.0112504
-0.0112607
-0.0112697
-0.0112493
-0.0112595
-0.0112692
-0.0112483
-0.0112582
-0.011268
-0.0112476
-0.011257
-0.0112667
-0.0112487
-0.0112559
-0.0112654
-0.0112558
-0.0112547
-0.0112642
-0.0112663
-0.0112536
-0.0112629
-0.0112704
-0.0112525
-0.0112617
-0.0112704
-0.0112515
-0.0112605
-0.0112694
-0.0112508
-0.0112594
-0.0112682
-0.0112515
-0.0112582
-0.011267
-0.0112569
-0.0112571
-0.0112658
-0.0112659
-0.011256
-0.0112646
-0.0112706
-0.0112549
-0.0112634
-0.0112711
-0.011254
-0.0112623
-0.0112704
-0.0112533
-0.0112612
-0.0112693
-0.0112538
-0.0112601
-0.0112681
-0.0112579
