-2.71388e-07
-0.000421867
-0.000721337
-0.000991871
-0.000978992
-0.00136719
-0.00158976
-0.00158689
-0.00164678
-0.00170716
-0.00174954
-0.00179289
-0.00172189
-0.00175743
-0.00184174
-0.00192402
-0.00199163
-0.00203669
-0.00207485
-0.00200915
-0.0020227
-0.00192164
-0.00196421
-0.00200859
-0.00204899
-0.00209254
-0.0021312
-0.00215889
-0.00218254
-0.00220405
-0.00209098
-0.0020699
-0.0021025
-0.00213862
-0.00217996
-0.00222568
-0.00226852
-0.00230366
-0.00233403
-0.00236172
-0.00224752
-0.00228006
-0.0023102
-0.00233785
-0.00236515
-0.00239385
-0.00242068
-0.00244271
-0.0024613
-0.00247846
-0.00238295
-0.00240348
-0.00242276
-0.00244091
-0.00245959
-0.00247964
-0.00249871
-0.00251459
-0.00252773
-0.00253981
-0.00245826
-0.00247278
-0.00248657
-0.00249982
-0.00251388
-0.00252915
-0.00254387
-0.00255633
-0.00256651
-0.00257574
-0.00250476
-0.00251581
-0.0025264
-0.00253678
-0.00254801
-0.0025603
-0.00257229
-0.0025826
-0.00259098
-0.0025984
-0.00253567
-0.00254449
-0.00255304
-0.00256155
-0.00257091
-0.00258119
-0.00259131
-0.00260013
-0.00260732
-0.00261347
-0.00255736
-0.00256466
-0.0025718
-0.00257902
-0.00258704
-0.00259587
-0.00260463
-0.00261238
-0.00261873
-0.00262384
-0.00257324
-0.00257942
-0.00258556
-0.00259183
-0.00259885
-0.0026066
-0.00261432
-0.00262125
-0.00262696
-0.00263112
-0.00258525
-0.0025906
-0.00259597
-0.00260153
-0.00260777
-0.00261466
-0.00262158
-0.00262785
-0.00263307
-0.00263627
-0.0025946
-0.00259929
-0.00260407
-0.00260906
-0.00261468
-0.00262089
-0.00262716
-0.00263289
-0.00263771
-0.00263989
-0.00260203
-0.0026062
-0.0026105
-0.00261503
-0.00262015
-0.0026258
-0.00263153
-0.00263682
-0.00264131
-0.00264237
-0.00260805
-0.0026118
-0.00261571
-0.00261986
-0.00262455
-0.00262974
-0.00263501
-0.00263993
-0.00264413
-0.00264403
-0.002613
-0.00261641
-0.00261999
-0.00262382
-0.00262816
-0.00263295
-0.00263784
-0.00264243
-0.00264639
-0.00264509
-0.00261714
-0.00262025
-0.00262357
-0.00262712
-0.00263115
-0.0026356
-0.00264016
-0.00264446
-0.0026482
-0.00264572
-0.00262064
-0.0026235
-0.00262658
-0.0026299
-0.00263366
-0.00263781
-0.00264208
-0.00264613
-0.00264968
-0.00264605
-0.00262363
-0.00262628
-0.00262916
-0.00263226
-0.00263579
-0.00263968
-0.0026437
-0.00264753
-0.00265089
-0.0026462
-0.00262621
-0.00262867
-0.00263137
-0.00263429
-0.00263762
-0.00264128
-0.00264506
-0.0026487
-0.00265189
-0.00264623
-0.00262845
-0.00263075
-0.0026333
-0.00263606
-0.00263919
-0.00264265
-0.00264623
-0.00264969
-0.00265272
-0.00264622
-0.00263041
-0.00263257
-0.00263498
-0.00263759
-0.00264056
-0.00264384
-0.00264724
-0.00265053
-0.00265341
-0.00264618
-0.00263213
-0.00263418
-0.00263646
-0.00263895
-0.00264176
-0.00264487
-0.00264811
-0.00265125
-0.00265398
-0.00264614
-0.00263367
-0.0026356
-0.00263778
-0.00264014
-0.00264282
-0.00264578
-0.00264886
-0.00265187
-0.00265445
-0.00264612
-0.00263503
-0.00263688
-0.00263895
-0.00264121
-0.00264377
-0.00264659
-0.00264953
-0.00265241
-0.00265483
-0.00264613
-0.00263626
-0.00263802
-0.00264
-0.00264216
-0.0026446
-0.0026473
-0.00265012
-0.00265289
-0.00265515
-0.00264616
-0.00263736
-0.00263904
-0.00264095
-0.00264302
-0.00264536
-0.00264793
-0.00265064
-0.0026533
-0.0026554
-0.00264621
-0.00263836
-0.00263997
-0.00264181
-0.00264379
-0.00264603
-0.0026485
-0.0026511
-0.00265366
-0.00265559
-0.00264629
-0.00263926
-0.00264082
-0.00264259
-0.00264449
-0.00264664
-0.00264902
-0.00265151
-0.00265398
-0.00265575
-0.00264639
-0.00264009
-0.00264159
-0.00264329
-0.00264513
-0.0026472
-0.00264948
-0.00265188
-0.00265426
-0.00265586
-0.0026465
-0.00264084
-0.00264229
-0.00264394
-0.00264571
-0.0026477
-0.0026499
-0.00265221
-0.00265451
-0.00265593
-0.00264662
-0.00264153
-0.00264294
-0.00264454
-0.00264625
-0.00264817
-0.00265028
-0.00265252
-0.00265473
-0.00265597
-0.00264676
-0.00264216
-0.00264353
-0.00264508
-0.00264674
-0.00264859
-0.00265063
-0.00265279
-0.00265492
-0.00265599
-0.0026469
-0.00264275
-0.00264408
-0.00264559
-0.00264719
-0.00264898
-0.00265095
-0.00265304
-0.0026551
-0.00265598
-0.00264705
-0.00264329
-0.00264459
-0.00264606
-0.00264761
-0.00264934
-0.00265125
-0.00265326
-0.00265525
-0.00265595
-0.0026472
-0.00264379
-0.00264506
-0.00264649
-0.002648
-0.00264967
-0.00265152
-0.00265347
-0.00265539
-0.00265591
-0.00264735
-0.00264426
-0.00264549
-0.00264689
-0.00264836
-0.00264998
-0.00265177
-0.00265366
-0.00265551
-0.00265585
-0.00264751
-0.00264469
-0.0026459
-0.00264727
-0.00264869
-0.00265027
-0.002652
-0.00265383
-0.00265561
-0.00265578
-0.00264766
-0.00264509
-0.00264628
-0.00264762
-0.002649
-0.00265053
-0.00265221
-0.00265399
-0.00265571
-0.0026557
-0.00264781
-0.00264547
-0.00264663
-0.00264794
