-1.42566e-06
-0.00079982
-0.00135899
-0.00185475
-0.00201951
-0.00253778
-0.00285273
-0.00292485
-0.00303985
-0.00315045
-0.00322777
-0.00330724
-0.00331992
-0.00333363
-0.00344413
-0.00354796
-0.00363485
-0.00369844
-0.0037541
-0.00370299
-0.00372783
-0.00366026
-0.00369572
-0.00375258
-0.00380386
-0.00385724
-0.00390493
-0.00394148
-0.0039742
-0.00400418
-0.00392197
-0.0038826
-0.00392296
-0.00396858
-0.00402464
-0.0040889
-0.00415093
-0.00420474
-0.00425297
-0.00429698
-0.0041961
-0.00424303
-0.00428709
-0.00432753
-0.00436645
-0.00440576
-0.00444235
-0.00447364
-0.0045012
-0.00452671
-0.00443821
-0.00446594
-0.00449248
-0.00451747
-0.00454249
-0.00456835
-0.00459276
-0.00461377
-0.004632
-0.00464892
-0.00457162
-0.00459012
-0.00460818
-0.00462554
-0.00464346
-0.00466225
-0.00468019
-0.00469576
-0.00470909
-0.00472139
-0.00465329
-0.00466663
-0.00467996
-0.00469302
-0.0047068
-0.00472139
-0.00473546
-0.00474777
-0.00475823
-0.00476774
-0.00470712
-0.00471726
-0.00472768
-0.00473806
-0.0047492
-0.00476107
-0.0047726
-0.00478278
-0.00479139
-0.00479908
-0.00474459
-0.00475259
-0.00476108
-0.00476967
-0.004779
-0.00478898
-0.00479874
-0.00480744
-0.00481479
-0.00482118
-0.0047718
-0.0047783
-0.00478543
-0.00479275
-0.00480077
-0.00480937
-0.00481783
-0.00482544
-0.00483188
-0.00483727
-0.00479223
-0.00479762
-0.00480376
-0.00481014
-0.00481717
-0.00482473
-0.0048322
-0.00483896
-0.00484472
-0.00484928
-0.00480799
-0.00481254
-0.00481793
-0.00482358
-0.00482985
-0.00483658
-0.00484327
-0.00484938
-0.00485459
-0.00485842
-0.00482043
-0.00482432
-0.00482912
-0.0048342
-0.00483985
-0.00484593
-0.00485199
-0.00485756
-0.00486234
-0.00486548
-0.00483044
-0.0048338
-0.00483813
-0.00484275
-0.0048479
-0.00485343
-0.00485897
-0.0048641
-0.00486852
-0.004871
-0.00483862
-0.00484156
-0.0048455
-0.00484973
-0.00485446
-0.00485955
-0.00486465
-0.0048694
-0.00487353
-0.00487535
-0.00484541
-0.004848
-0.00485162
-0.00485552
-0.00485989
-0.0048646
-0.00486933
-0.00487376
-0.00487763
-0.00487881
-0.0048511
-0.0048534
-0.00485675
-0.00486038
-0.00486444
-0.00486882
-0.00487323
-0.00487738
-0.00488103
-0.00488158
-0.00485594
-0.00485799
-0.0048611
-0.0048645
-0.0048683
-0.00487239
-0.00487652
-0.00488043
-0.00488387
-0.00488381
-0.00486008
-0.00486192
-0.00486483
-0.00486802
-0.00487158
-0.00487542
-0.00487931
-0.004883
-0.00488627
-0.00488563
-0.00486365
-0.00486532
-0.00486806
-0.00487106
-0.00487442
-0.00487804
-0.00488171
-0.00488521
-0.0048883
-0.00488711
-0.00486677
-0.00486828
-0.00487086
-0.0048737
-0.00487688
-0.0048803
-0.00488377
-0.0048871
-0.00489005
-0.00488834
-0.0048695
-0.00487088
-0.00487332
-0.00487602
-0.00487903
-0.00488227
-0.00488557
-0.00488874
-0.00489155
-0.00488936
-0.00487191
-0.00487317
-0.00487549
-0.00487805
-0.00488092
-0.004884
-0.00488714
-0.00489017
-0.00489284
-0.00489021
-0.00487404
-0.00487521
-0.00487742
-0.00487986
-0.00488259
-0.00488553
-0.00488853
-0.00489142
-0.00489397
-0.00489094
-0.00487595
-0.00487703
-0.00487914
-0.00488147
-0.00488408
-0.00488688
-0.00488975
-0.00489253
-0.00489495
-0.00489157
-0.00487766
-0.00487866
-0.00488068
-0.00488291
-0.0048854
-0.00488809
-0.00489084
-0.0048935
-0.0048958
-0.00489211
-0.00487919
-0.00488013
-0.00488206
-0.00488421
-0.00488659
-0.00488917
-0.00489181
-0.00489437
-0.00489656
-0.00489259
-0.00488058
-0.00488146
-0.00488332
-0.00488538
-0.00488767
-0.00489014
-0.00489268
-0.00489515
-0.00489721
-0.00489301
-0.00488184
-0.00488267
-0.00488445
-0.00488644
-0.00488864
-0.00489102
-0.00489346
-0.00489584
-0.00489779
-0.00489339
-0.00488299
-0.00488377
-0.00488549
-0.0048874
-0.00488952
-0.00489181
-0.00489416
-0.00489646
-0.00489831
-0.00489373
-0.00488404
-0.00488477
-0.00488644
-0.00488828
-0.00489033
-0.00489253
-0.0048948
-0.00489702
-0.00489876
-0.00489405
-0.004885
-0.00488569
-0.0048873
-0.00488908
-0.00489106
-0.00489319
-0.00489538
-0.00489753
-0.00489915
-0.00489433
-0.00488588
-0.00488654
-0.0048881
-0.00488982
-0.00489173
-0.00489379
-0.00489591
-0.00489799
-0.0048995
-0.0048946
-0.00488669
-0.00488732
-0.00488883
-0.0048905
-0.00489235
-0.00489434
-0.0048964
-0.0048984
-0.00489981
-0.00489485
-0.00488744
-0.00488804
-0.00488951
-0.00489113
-0.00489292
-0.00489485
-0.00489684
-0.00489878
-0.00490009
-0.00489509
-0.00488814
-0.00488871
-0.00489014
-0.00489171
-0.00489345
-0.00489531
-0.00489725
-0.00489913
-0.00490033
-0.00489531
-0.00488878
-0.00488934
-0.00489072
-0.00489225
-0.00489394
-0.00489575
-0.00489762
-0.00489944
-0.00490054
-0.00489552
-0.00488938
-0.00488992
-0.00489127
-0.00489275
-0.00489439
-0.00489615
-0.00489797
-0.00489973
-0.00490073
-0.00489571
-0.00488994
-0.00489046
-0.00489177
