-2.54983e-06
-9.69855e-05
-0.000142934
-7.15543e-05
4.22573e-06
-0.000157488
-0.000218989
-0.000231955
-0.000242945
-0.000248594
-0.000243343
-8.57357e-05
-0.000134346
-0.00019679
-0.000239577
-0.00026315
-0.000274629
-0.000277926
-0.000255689
-0.00015222
-0.000173635
-0.000212194
-0.00024346
-0.000266192
-0.000281906
-0.000288832
-0.000269043
-0.000191352
-0.000194237
-0.000220934
-0.000245376
-0.00026515
-0.000281093
-0.000290824
-0.000280005
-0.000220762
-0.000208352
-0.000226634
-0.000246366
-0.000263474
-0.000278182
-0.000288792
-0.000285405
-0.000243947
-0.000220276
-0.000230817
-0.000246784
-0.000261695
-0.000274927
-0.000285413
-0.00028658
-0.000260364
-0.000231901
-0.00023452
-0.000246976
-0.000259971
-0.000271848
-0.000281805
-0.000285471
-0.000270345
-0.000243305
-0.0002385
-0.000247251
-0.000258412
-0.000269089
-0.000278385
-0.000283337
-0.000275516
-0.000253472
-0.000243147
