-2.73278e-07
-0.000416157
-0.000720349
-0.000874712
-0.00114673
-0.00141598
-0.00143264
-0.00150904
-0.00157375
-0.00162106
-0.00166692
-0.00162062
-0.00170456
-0.00178819
-0.00184806
-0.00189234
-0.00184454
-0.00186122
-0.00178789
-0.00183608
-0.0018775
-0.00192137
-0.00196261
-0.00199152
-0.00201688
-0.00200644
-0.00191313
-0.00194843
-0.00199218
-0.00204013
-0.00208956
-0.00213134
-0.00216554
-0.00219639
-0.00210935
-0.0021422
-0.00217226
-0.00220038
-0.00223028
-0.00225851
-0.00228096
-0.00230039
-0.00228962
-0.00224532
-0.00226514
-0.00228372
-0.00230342
-0.00232414
-0.00234196
-0.00235615
-0.00236909
-0.00230453
-0.00231895
-0.00233254
-0.00234644
-0.00236205
-0.00237706
-0.00238911
-0.0023992
-0.00234574
-0.00235295
-0.00236358
-0.00237408
-0.00238595
-0.00239857
-0.00240963
-0.00241834
-0.00242581
-0.00237582
-0.00238454
-0.00239297
-0.00240215
-0.0024126
-0.00242273
-0.00243099
-0.00243774
-0.00239243
-0.00239936
-0.00240644
-0.00241377
-0.0024223
-0.00243134
-0.00243939
-0.00244575
-0.00244617
-0.00241023
-0.00241637
-0.00242247
-0.0024294
-0.00243727
-0.00244492
-0.00245128
-0.00245638
-0.00241854
-0.00242387
-0.00242916
-0.00243486
-0.00244155
-0.00244861
-0.00245497
-0.00246004
-0.00244454
-0.00242968
-0.00243439
-0.00243922
-0.00244483
-0.00245116
-0.00245733
-0.00246253
-0.0024664
-0.0024343
-0.00243854
-0.00244277
-0.00244749
-0.00245301
-0.00245881
-0.00246408
-0.00246833
-0.00244386
-0.00244187
-0.00244569
-0.00244972
-0.00245446
-0.00245976
-0.00246494
-0.00246936
-0.00247107
-0.0024446
-0.0024481
-0.00245164
-0.00245569
-0.0024604
-0.00246533
-0.00246984
-0.00247349
-0.00244862
-0.00245009
-0.0024533
-0.00245679
-0.0024609
-0.00246546
-0.00246993
-0.00247378
-0.0024706
-0.00245174
-0.00245472
-0.00245779
-0.00246135
-0.00246547
-0.00246976
-0.0024737
-0.00247673
-0.00245378
-0.00245593
-0.00245871
-0.00246179
-0.00246544
-0.00246945
-0.00247338
-0.00247679
-0.00246701
-0.00245694
-0.00245953
-0.00246225
-0.00246544
-0.0024691
-0.00247289
-0.00247641
-0.00247842
-0.00245807
-0.00246025
-0.00246272
-0.00246549
-0.00246877
-0.00247234
-0.00247585
-0.00247888
-0.00246466
-0.00246086
-0.00246316
-0.00246561
-0.0024685
-0.00247179
-0.0024752
-0.00247836
-0.00247844
-0.0024615
-0.00246356
-0.00246578
-0.00246831
-0.00247129
-0.00247452
-0.00247769
-0.00248031
-0.00246462
-0.00246391
-0.00246598
-0.00246821
-0.00247086
-0.00247385
-0.00247694
-0.00247981
-0.0024768
-0.00246425
-0.00246617
-0.00246819
-0.00247052
-0.00247325
-0.00247619
-0.00247908
-0.00248112
-0.00246575
-0.00246633
-0.00246822
-0.00247028
-0.00247272
-0.00247547
-0.0024783
-0.00248089
-0.00247439
-0.00246649
-0.00246826
-0.00247013
-0.00247229
-0.00247481
-0.00247751
-0.00248016
-0.00248125
-0.0024672
-0.0024683
-0.00247004
-0.00247196
-0.00247422
-0.00247676
-0.00247937
-0.00248167
-0.00247248
-0.00246832
-0.00246998
-0.00247171
-0.00247373
-0.00247607
-0.00247857
-0.00248101
-0.0024806
-0.00246863
-0.00246992
-0.00247154
-0.00247334
-0.00247545
-0.00247781
-0.00248023
-0.00248216
-0.00247161
-0.00246986
-0.00247141
-0.00247303
-0.00247493
-0.00247711
-0.00247944
-0.00248168
-0.00247927
-0.00246994
-0.00247129
-0.0024728
-0.00247449
-0.00247648
-0.00247868
-0.00248093
-0.00248232
-0.00247154
-0.00247115
-0.00247261
-0.00247414
-0.00247593
-0.00247798
-0.00248015
-0.00248219
-0.00247764
-0.0024711
-0.00247244
-0.00247387
-0.00247547
-0.00247734
-0.00247941
-0.0024815
-0.00248209
-0.00247191
-0.00247226
-0.00247365
-0.00247509
-0.00247678
-0.00247871
-0.00248075
-0.00248253
-0.00247622
-0.00247212
-0.00247344
-0.00247479
-0.00247631
-0.00247808
-0.00248002
-0.00248197
-0.00248145
-0.00247249
-0.00247322
-0.00247454
-0.00247591
-0.00247752
-0.00247934
-0.00248126
-0.0024827
-0.00247529
-0.00247302
-0.0024743
-0.00247559
-0.00247703
-0.00247871
-0.00248055
-0.00248234
-0.00248047
-0.00247312
-0.00247406
-0.00247531
-0.00247663
-0.00247815
-0.00247988
-0.00248168
-0.00248265
-0.00247484
-0.00247382
-0.00247505
