-5.23487e-08
-0.000429451
-0.00073379
-0.00100768
-0.000767581
-0.00138575
-0.00171794
-0.00162158
-0.00167386
-0.00173404
-0.00177619
-0.0018193
-0.00166011
-0.00167442
-0.00181191
-0.00195028
-0.00206185
-0.0021297
-0.00218504
-0.00203616
-0.00204942
-0.00183522
-0.00190146
-0.00197535
-0.00204336
-0.00211859
-0.00218474
-0.00222939
-0.00226594
-0.00229886
-0.0020777
-0.00201526
-0.0020681
-0.00212162
-0.00218123
-0.00224879
-0.00231169
-0.00236059
-0.00240128
-0.00243845
-0.00219556
-0.00224426
-0.00228904
-0.00233019
-0.00237206
-0.00241759
-0.00246017
-0.00249374
-0.0025209
-0.0025459
-0.00234762
-0.00238023
-0.00241068
-0.00243943
-0.0024699
-0.00250351
-0.00253552
-0.00256137
-0.00258192
-0.00260069
-0.00243347
-0.0024576
-0.00248039
-0.0025024
-0.00252637
-0.00255298
-0.00257868
-0.00259993
-0.00261671
-0.00263175
-0.00248728
-0.00250626
-0.00252438
-0.00254224
-0.00256203
-0.00258405
-0.00260557
-0.00262375
-0.00263811
-0.00265066
-0.00252356
-0.00253911
-0.00255412
-0.00256917
-0.00258605
-0.00260485
-0.00262338
-0.00263934
-0.00265203
-0.00266267
-0.00254937
-0.00256248
-0.00257529
-0.00258832
-0.00260305
-0.00261945
-0.00263574
-0.00265001
-0.00266146
-0.00267045
-0.00256851
-0.0025798
-0.00259097
-0.00260248
-0.00261555
-0.0026301
-0.00264464
-0.00265756
-0.00266805
-0.00267541
-0.00258317
-0.00259305
-0.00260296
-0.00261328
-0.00262503
-0.0026381
-0.00265124
-0.00266306
-0.00267278
-0.0026784
-0.00259471
-0.00260347
-0.00261237
-0.00262172
-0.0026324
-0.00264427
-0.00265625
-0.00266716
-0.00267623
-0.00267994
-0.00260398
-0.00261184
-0.00261992
-0.00262848
-0.00263826
-0.00264912
-0.00266014
-0.00267027
-0.00267878
-0.00268041
-0.00261157
-0.00261868
-0.00262609
-0.00263398
-0.002643
-0.00265301
-0.00266321
-0.00267267
-0.0026807
-0.0026801
-0.00261789
-0.00262437
-0.0026312
-0.00263852
-0.00264689
-0.00265618
-0.00266567
-0.00267454
-0.00268215
-0.00267924
-0.00262321
-0.00262916
-0.0026355
-0.00264233
-0.00265014
-0.00265879
-0.00266767
-0.00267602
-0.00268324
-0.00267803
-0.00262775
-0.00263324
-0.00263917
-0.00264556
-0.00265287
-0.00266098
-0.00266931
-0.0026772
-0.00268407
-0.00267663
-0.00263166
-0.00263676
-0.00264231
-0.00264833
-0.0026552
-0.00266282
-0.00267067
-0.00267815
-0.00268468
-0.00267518
-0.00263505
-0.00263982
-0.00264504
-0.00265072
-0.00265721
-0.00266439
-0.00267181
-0.00267892
-0.00268514
-0.00267375
-0.00263802
-0.00264249
-0.00264743
-0.00265281
-0.00265894
-0.00266573
-0.00267277
-0.00267954
-0.00268546
-0.00267242
-0.00264065
-0.00264486
-0.00264954
-0.00265464
-0.00266046
-0.0026669
-0.00267358
-0.00268005
-0.00268567
-0.00267121
-0.00264297
-0.00264696
-0.00265141
-0.00265627
-0.0026618
-0.00266792
-0.00267428
-0.00268047
-0.0026858
-0.00267015
-0.00264505
-0.00264883
-0.00265308
-0.00265771
-0.00266298
-0.00266881
-0.00267489
-0.00268081
-0.00268584
-0.00266923
-0.00264691
-0.00265051
-0.00265457
-0.002659
-0.00266403
-0.0026696
-0.00267541
-0.00268109
-0.00268582
-0.00266846
-0.00264859
-0.00265203
-0.00265592
-0.00266016
-0.00266497
-0.0026703
-0.00267586
-0.00268132
-0.00268575
-0.00266783
-0.0026501
-0.00265341
-0.00265715
-0.00266121
-0.00266582
-0.00267092
-0.00267626
-0.00268151
-0.00268563
-0.00266731
-0.00265148
-0.00265466
-0.00265826
-0.00266216
-0.00266659
-0.00267148
-0.00267661
-0.00268167
-0.00268546
-0.0026669
-0.00265274
-0.0026558
-0.00265927
-0.00266303
-0.00266728
-0.00267198
-0.00267691
-0.00268179
-0.00268525
-0.00266659
-0.00265389
-0.00265685
-0.00266021
-0.00266382
-0.00266791
-0.00267243
-0.00267719
-0.00268189
-0.00268501
-0.00266635
-0.00265494
-0.00265781
-0.00266106
-0.00266455
-0.00266849
-0.00267284
-0.00267743
-0.00268196
-0.00268475
-0.00266619
-0.00265591
-0.0026587
-0.00266185
-0.00266522
-0.00266902
-0.00267322
-0.00267764
-0.00268202
-0.00268445
-0.00266607
-0.00265681
-0.00265951
-0.00266258
-0.00266584
-0.00266951
-0.00267356
-0.00267784
-0.00268206
-0.00268414
-0.00266601
-0.00265764
-0.00266027
-0.00266325
-0.00266642
-0.00266996
-0.00267387
-0.00267801
-0.00268209
-0.00268381
-0.00266599
-0.00265841
-0.00266098
-0.00266388
-0.00266695
-0.00267038
-0.00267416
-0.00267817
-0.0026821
-0.00268347
-0.002666
-0.00265912
-0.00266163
-0.00266446
-0.00266744
-0.00267076
-0.00267443
-0.00267831
-0.0026821
-0.00268311
-0.00266604
-0.00265979
-0.00266224
-0.002665
-0.0026679
-0.00267112
-0.00267467
-0.00267843
-0.0026821
-0.00268275
-0.00266609
-0.00266041
-0.00266281
-0.00266551
-0.00266833
-0.00267146
-0.0026749
-0.00267855
-0.00268208
-0.00268238
-0.00266617
-0.00266099
-0.00266334
-0.00266599
-0.00266874
-0.00267177
-0.00267511
-0.00267865
-0.00268205
-0.00268201
-0.00266626
-0.00266154
-0.00266384
-0.00266643
