-1.44614e-06
-0.000173232
-0.000239425
-0.000267333
-0.000286363
-0.000328133
-0.000316228
-0.000323134
-0.000338849
-0.000340494
-0.000342993
-0.000345436
-0.000362774
-0.00035613
-0.000350871
-0.000382741
-0.000365897
-0.000355716
-0.000389158
-0.000374025
-0.000360328
-0.000390268
-0.000382639
-0.000365061
-0.000390505
-0.000393515
-0.000370272
-0.000391054
-0.000403262
-0.000376211
-0.000392195
-0.000408864
-0.000383113
-0.000393895
-0.000411766
-0.000391569
-0.00039601
-0.000413595
-0.00040219
-0.000398391
-0.000415041
-0.000413453
-0.00040094
-0.000416328
-0.000422079
-0.000403654
-0.000417513
-0.000427158
-0.000406697
-0.00041861
-0.00042986
-0.00041053
-0.000419626
-0.000431312
-0.00041586
-0.000420573
-0.000432131
-0.00042286
-0.000421479
-0.000432614
-0.000430114
-0.000422402
-0.000432907
-0.00043567
-0.000423455
-0.000433086
-0.000438992
-0.000424853
-0.000433196
-0.000440669
-0.000426939
-0.000433267
-0.000441392
-0.00043006
-0.00043333
-0.000441606
-0.000434176
-0.000433421
-0.000441554
-0.000438539
-0.0004336
-0.000441363
-0.000442153
-0.000433971
-0.000441102
-0.000444542
-0.000434689
-0.000440811
-0.000445834
-0.000435954
-0.000440519
-0.000446371
-0.000437915
-0.000440254
-0.000446453
-0.00044049
-0.000440052
-0.000446278
-0.000443274
-0.000439966
-0.000445964
-0.000445728
-0.000440077
-0.000445582
-0.000447506
-0.000440491
-0.000445175
-0.000448568
-0.000441321
-0.000444775
-0.000449054
-0.000442629
-0.000444412
-0.000449146
-0.000444342
-0.000444119
-0.000448989
-0.000446223
-0.000443945
-0.000448687
-0.000447957
-0.000443949
-0.000448307
-0.000449305
-0.000444204
-0.000447896
-0.000450183
-0.000444774
-0.000447488
-0.000450635
-0.000445684
-0.000447116
-0.000450759
-0.000446876
-0.000446811
-0.000450655
-0.000448202
-0.000446613
-0.000450405
-0.000449467
-0.00044657
-0.000450072
-0.000450503
-0.00044673
-0.000449699
-0.000451228
-0.000447132
-0.000449323
-0.000451639
-0.000447783
-0.000448976
-0.000451786
-0.00044864
-0.000448688
-0.000451733
-0.000449604
-0.000448494
-0.000451542
-0.000450548
-0.000448429
-0.000451266
-0.000451354
-0.000448528
-0.000450946
-0.00045195
-0.000448814
-0.000450615
-0.000452316
-0.000449289
-0.000450306
-0.000452473
-0.000449918
-0.000450046
-0.00045246
-0.000450636
-0.000449865
