-4.14673e-07
-8.90866e-05
-0.000127199
-0.000138906
-0.000148773
-0.000183373
-0.00016506
-0.000168092
-0.000180038
-0.00017825
-0.000178697
-0.000178421
-0.000193632
-0.000185855
-0.000178378
-0.000209336
-0.000191234
-0.000179228
-0.000212173
-0.000195839
-0.000180715
-0.00021032
-0.00020151
-0.000182821
-0.000207997
-0.000210074
-0.000185653
-0.000206173
-0.000217788
-0.000189324
-0.000205026
-0.000221204
-0.000194012
-0.000204506
-0.000221901
-0.000200336
-0.000204492
-0.000221617
-0.000209107
-0.000204862
-0.000221082
-0.000218852
-0.000205534
-0.000220533
-0.000225937
-0.0002065
-0.000220038
-0.000229401
-0.000207906
-0.000219611
-0.00023058
-0.000210202
-0.000219254
-0.000230667
-0.000214172
-0.000218967
-0.000230274
-0.00022016
-0.000218763
-0.000229675
-0.000226708
-0.000218675
-0.000228999
-0.000231573
-0.000218794
-0.000228307
-0.000234122
-0.00021931
-0.000227632
-0.000235025
-0.00022057
-0.000226994
-0.00023503
-0.000222976
-0.000226412
-0.000234598
-0.00022657
-0.000225911
-0.000233964
-0.000230585
-0.000225537
-0.000233248
-0.000233885
-0.000225381
-0.00023251
-0.00023591
-0.000225593
-0.000231784
-0.000236801
-0.000226384
-0.000231092
-0.000236939
-0.000227941
-0.000230454
-0.000236645
-0.000230224
-0.0002299
-0.000236125
-0.000232816
-0.000229477
-0.000235495
-0.000235111
-0.000229259
-0.000234822
-0.000236706
-0.000229355
-0.000234146
-0.00023755
-0.00022989
-0.000233495
-0.000237803
-0.00023095
-0.000232892
-0.000237661
-0.000232485
-0.000232369
-0.000237283
-0.00023425
-0.000231969
-0.000236773
-0.000235896
-0.000231752
-0.0002362
-0.000237146
-0.000231792
-0.000235607
-0.000237902
-0.000232167
-0.000235026
-0.000238213
-0.000232914
-0.000234487
-0.000238186
-0.000233991
-0.000234019
-0.000237932
-0.000235243
-0.000233661
-0.000237538
-0.000236456
-0.00023346
-0.000237067
-0.000237438
-0.000233468
-0.000236564
-0.000238092
-0.000233734
-0.000236062
-0.000238416
-0.000234274
-0.000235591
-0.000238464
-0.000235052
-0.000235182
-0.000238307
-0.000235968
-0.000234867
-0.000238013
-0.00023688
-0.000234685
-0.000237635
-0.000237656
-0.000234673
-0.000237215
-0.000238211
-0.000234861
-0.000236789
-0.000238523
-0.000235256
-0.000236385
-0.000238614
-0.000235831
-0.000236031
-0.000238528
-0.000236516
-0.000235757
-0.000238313
-0.000237214
-0.000235593
-0.000238015
-0.00023783
-0.000235567
