-1.50098e-06
-0.000195444
-0.000325426
-0.000446991
0.00033511
-0.000315483
-0.000757704
-0.000896662
-0.000976198
-0.0010486
-0.00111192
-0.00116147
-0.00120545
-0.000686721
-0.000934016
-0.00112667
-0.00127313
-0.00136252
-0.00139168
-0.00141554
-0.0014356
-0.00145308
-0.00144901
-0.00114343
-0.0012631
-0.00136514
-0.00145093
-0.00151558
-0.00155117
-0.00156459
-0.00157487
-0.00158411
-0.00125419
-0.00133911
-0.00141639
-0.00148522
-0.0015458
-0.00159625
-0.00163322
-0.00164924
-0.00165614
-0.00166139
-0.00138971
-0.00145143
-0.00150815
-0.00155996
-0.00160678
-0.00164777
-0.00168198
-0.00170282
-0.0017107
-0.00169666
-0.00147791
-0.0015258
-0.00157048
-0.00161198
-0.00165004
-0.00168451
-0.00171508
-0.00173787
-0.00174954
-0.00165894
-0.00154034
-0.00157936
-0.00161616
-0.00165075
-0.00168256
-0.00171248
-0.00173966
-0.00176216
-0.00177705
-0.00162579
-0.00158712
-0.00161997
-0.00165119
-0.00168078
-0.00170814
-0.00173439
-0.00175864
-0.00177987
-0.00179621
-0.00163318
-0.00162319
-0.00165147
-0.0016785
-0.00170428
-0.00172828
-0.00175152
-0.00177326
-0.00179295
-0.00180941
-0.00165303
-0.0016513
-0.00167606
-0.00169983
-0.00172261
-0.00174396
-0.00176475
-0.00178438
-0.00180254
-0.00181842
-0.00167328
-0.00167338
-0.00169536
-0.00171654
-0.00173693
-0.00175614
-0.00177491
-0.00179278
-0.00180954
-0.00182455
-0.00169112
-0.00169091
-0.00171066
-0.00172975
-0.00174818
-0.00176565
-0.00178275
-0.00179914
-0.00181465
-0.00182868
-0.00170626
-0.00170502
-0.00172294
-0.00174031
-0.00175713
-0.00177314
-0.00178885
-0.00180397
-0.00181839
-0.00183142
-0.001719
-0.00171653
-0.00173293
-0.00174886
-0.00176434
-0.00177911
-0.00179364
-0.00180767
-0.00182114
-0.00183317
-0.00172975
-0.00172605
-0.00174116
-0.00175588
-0.00177021
-0.00178393
-0.00179744
-0.00181054
-0.00182316
-0.00183423
-0.00173885
-0.00173402
-0.00174803
-0.00176171
-0.00177505
-0.00178786
-0.00180049
-0.00181277
-0.00182464
-0.00183478
-0.00174662
-0.00174077
-0.00175382
-0.0017666
-0.00177908
-0.0017911
-0.00180296
-0.00181451
-0.00182572
-0.00183497
-0.00175329
-0.00174655
-0.00175876
-0.00177075
-0.00178248
-0.0017938
-0.00180497
-0.00181588
-0.00182649
-0.0018349
-0.00175904
-0.00175155
-0.00176301
-0.0017743
-0.00178536
-0.00179606
-0.00180663
-0.00181697
-0.00182703
-0.00183463
-0.00176404
-0.0017559
-0.00176669
-0.00177737
-0.00178783
-0.00179798
-0.001808
-0.00181782
-0.0018274
-0.00183423
-0.0017684
-0.00175972
-0.00176991
-0.00178003
-0.00178996
-0.00179961
-0.00180915
-0.0018185
-0.00182762
-0.00183373
-0.00177223
-0.00176311
-0.00177274
-0.00178237
-0.00179182
-0.00180101
-0.00181011
-0.00181904
-0.00182775
-0.00183316
-0.00177561
-0.00176613
-0.00177525
-0.00178442
-0.00179344
-0.00180222
-0.00181091
-0.00181946
-0.00182779
-0.00183255
-0.0017786
-0.00176884
-0.00177748
-0.00178624
-0.00179486
-0.00180327
-0.00181159
-0.00181978
-0.00182776
-0.00183192
-0.00178127
-0.00177128
-0.00177948
-0.00178787
-0.00179613
-0.00180419
-0.00181217
-0.00182004
-0.00182769
-0.00183127
-0.00178364
-0.00177349
-0.00178128
-0.00178932
-0.00179725
-0.00180499
-0.00181267
-0.00182023
-0.00182757
-0.00183061
-0.00178577
-0.00177551
-0.00178291
-0.00179063
-0.00179825
-0.0018057
-0.00181309
-0.00182037
-0.00182742
-0.00182996
-0.00178769
-0.00177736
-0.00178438
-0.00179181
-0.00179914
-0.00180633
-0.00181345
-0.00182047
-0.00182725
-0.00182932
-0.00178942
-0.00177905
-0.00178573
-0.00179288
-0.00179995
-0.00180688
-0.00181375
-0.00182053
