-1.15205e-06
-2.59483e-05
-5.24266e-05
-6.51802e-05
0.000389725
0.00029891
3.38037e-05
-8.25366e-05
-0.000113731
-0.000119877
-0.000125099
-0.000127087
-0.000113654
6.61955e-05
0.000190179
9.00425e-05
-8.37543e-06
-7.76808e-05
-0.000118064
-0.000137686
-0.000144432
-0.000139711
-7.89803e-05
7.08512e-05
9.07163e-05
3.27753e-05
-2.74518e-05
-7.63166e-05
-0.000112033
-0.000135498
-0.000146138
-0.000133612
-5.78784e-05
3.82725e-05
4.28294e-05
4.14034e-06
-3.88174e-05
-7.64895e-05
-0.000107021
-0.000129507
-0.000139927
-0.00012269
-5.42522e-05
1.13039e-05
1.41608e-05
-1.34746e-05
-4.63834e-05
-7.6906e-05
-0.000103032
-0.000122988
-0.000131187
-0.000112597
-5.66097e-05
-8.72167e-06
-5.17181e-06
-2.55428e-05
-5.17469e-05
-7.71904e-05
-9.96235e-05
-0.000116696
-0.000122399
-0.000104534
-6.00734e-05
-2.3538e-05
-1.91857e-05
