-5.28174e-08
-0.000421216
-0.000731637
-0.000819179
-0.00112138
-0.00152588
-0.00145736
-0.00153327
-0.00159784
-0.00164495
-0.00168989
-0.00155747
-0.00169048
-0.00182836
-0.00192167
-0.00198572
-0.00186891
-0.0018853
-0.00172139
-0.00179948
-0.00186664
-0.00194042
-0.00200989
-0.00205533
-0.00209385
-0.00205639
-0.00186717
-0.00192096
-0.00198082
-0.00204739
-0.00211881
-0.00217733
-0.00222259
-0.00226341
-0.00207233
-0.00211983
-0.00216317
-0.00220453
-0.00225078
-0.00229471
-0.00232784
-0.00235567
-0.00232547
-0.00222705
-0.00225752
-0.00228627
-0.00231803
-0.00235233
-0.00238125
-0.00240312
-0.00242292
-0.00228893
-0.00231226
-0.00233424
-0.00235727
-0.00238405
-0.00240986
-0.00242985
-0.00244609
-0.00233556
-0.00234693
-0.00236477
-0.00238256
-0.00240335
-0.00242577
-0.00244515
-0.00245988
-0.00247217
-0.00237031
-0.00238538
-0.00239997
-0.00241624
-0.00243516
-0.00245351
-0.00246814
-0.00247979
-0.00238765
-0.00239994
-0.00241245
-0.00242556
-0.00244117
-0.00245787
-0.00247259
-0.00248393
-0.00248329
-0.00241061
-0.00242165
-0.00243267
-0.00244543
-0.00246012
-0.00247441
-0.00248608
-0.00249525
-0.00241885
-0.00242859
-0.00243824
-0.00244877
-0.00246134
-0.00247468
-0.0024866
-0.00249594
-0.0024644
-0.00243393
-0.00244262
-0.00245158
-0.00246216
-0.00247418
-0.00248591
-0.00249568
-0.00250275
-0.00243819
-0.0024461
-0.00245399
-0.00246288
-0.00247343
-0.00248454
-0.00249458
-0.00250258
-0.00245317
-0.00244886
-0.00245603
-0.00246364
-0.00247271
-0.0024829
-0.00249286
-0.00250129
-0.00250418
-0.00245111
-0.00245773
-0.00246444
-0.00247218
-0.00248128
-0.00249081
-0.0024995
-0.00250643
-0.00245639
-0.00245911
-0.00246523
-0.00247189
-0.00247984
-0.00248869
-0.00249735
-0.00250476
-0.00249807
-0.00246025
-0.00246593
-0.00247181
-0.00247868
-0.00248669
-0.00249503
-0.00250269
-0.00250847
-0.0024624
-0.00246653
-0.00247187
-0.00247782
-0.00248491
-0.00249274
-0.00250039
-0.00250701
-0.00248728
-0.00246701
-0.002472
-0.00247724
-0.00248343
-0.00249059
-0.00249801
-0.00250486
-0.00250866
-0.0024679
-0.00247212
-0.00247688
-0.00248227
-0.00248867
-0.00249568
-0.00250255
-0.00250844
-0.00247987
-0.0024722
-0.00247664
-0.00248139
-0.00248703
-0.0024935
-0.00250019
-0.00250638
-0.00250633
-0.00247245
-0.00247646
-0.00248076
-0.0024857
-0.00249154
-0.00249789
-0.00250411
-0.00250922
-0.00247775
-0.00247628
-0.0024803
-0.00248466
-0.00248984
-0.00249574
-0.00250182
-0.00250745
-0.00250129
-0.00247619
-0.00247992
-0.00248386
-0.00248843
-0.00249379
-0.0024996
-0.00250528
-0.00250923
-0.00247844
-0.00247957
-0.00248325
-0.00248729
-0.00249208
-0.00249751
-0.00250308
-0.00250819
-0.00249509
-0.00247927
-0.00248274
-0.00248639
-0.00249063
-0.0024956
-0.00250094
-0.00250617
-0.00250822
-0.00248012
-0.00248228
-0.00248567
-0.00248944
-0.00249391
-0.00249893
-0.00250407
-0.00250861
-0.00249017
-0.00248183
-0.00248508
-0.00248848
-0.00249245
-0.00249707
-0.00250203
-0.00250685
-0.00250591
-0.00248199
-0.00248454
-0.0024877
-0.00249124
-0.00249542
-0.00250009
-0.00250486
-0.00250865
-0.00248751
-0.002484
-0.00248705
-0.00249024
-0.00249398
-0.0024983
-0.00250291
-0.00250734
-0.00250243
-0.00248379
-0.00248645
-0.00248942
-0.00249276
-0.00249668
-0.00250105
-0.0025055
-0.0025082
-0.00248662
-0.00248586
-0.00248873
-0.00249174
-0.00249527
-0.00249932
-0.00250364
-0.00250765
-0.00249852
-0.00248543
-0.00248809
-0.0024909
-0.00249406
-0.00249776
-0.00250186
-0.00250601
-0.0025071
-0.00248676
-0.00248746
-0.00249018
-0.00249304
-0.00249638
-0.0025002
-0.00250425
-0.00250775
-0.00249512
-0.00248691
-0.00248952
-0.00249218
-0.00249518
-0.00249869
-0.00250255
-0.0025064
-0.0025053
-0.00248738
-0.00248885
-0.00249144
-0.00249417
-0.00249734
-0.00250095
-0.00250476
-0.00250759
-0.00249275
-0.00248823
-0.00249076
-0.0024933
-0.00249616
-0.00249949
-0.00250314
-0.00250668
-0.0025029
-0.00248821
-0.00249008
-0.00249255
-0.00249516
-0.00249818
-0.0025016
-0.00250519
-0.00250707
-0.00249144
-0.00248941
-0.00249186
