-2.67618e-06
-0.000208036
-0.000337105
-0.000457808
-0.000121201
-0.00051357
-0.000786445
-0.000902863
-0.000982692
-0.001055
-0.00111841
-0.0011681
-0.00121223
-0.000970774
-0.00111456
-0.00122732
-0.00131437
-0.00137196
-0.00139793
-0.001422
-0.00144225
-0.00145989
-0.00146599
-0.00132085
-0.00138897
-0.00144713
-0.00149637
-0.00153402
-0.00155849
-0.00157131
-0.00158178
-0.00159117
-0.00143003
-0.0014774
-0.00152074
-0.00155935
-0.00159342
-0.0016219
-0.00164447
-0.00165635
-0.00166323
-0.00166894
-0.00153541
-0.00156956
-0.00160103
-0.00162979
-0.00165577
-0.0016785
-0.0016984
-0.00171154
-0.00171797
-0.00171306
-0.00160536
-0.00163165
-0.00165624
-0.00167909
-0.00169997
-0.00171891
-0.00173625
-0.00174966
-0.00175742
-0.00171245
-0.00165567
-0.00167696
-0.00169708
-0.00171601
-0.00173318
-0.00174961
-0.00176479
-0.0017776
-0.00178656
-0.00171128
-0.00169382
-0.00171164
-0.00172859
-0.00174467
-0.00175929
-0.00177363
-0.00178699
-0.00179882
-0.00180818
-0.0017273
-0.00172342
-0.00173865
-0.00175321
-0.00176711
-0.00177982
-0.0017924
-0.00180424
-0.00181502
-0.00182418
-0.00174661
-0.00174648
-0.00175971
-0.00177241
-0.00178459
-0.0017958
-0.00180695
-0.00181752
-0.00182732
-0.00183599
-0.00176394
-0.00176451
-0.00177616
-0.00178739
-0.0017982
-0.00180822
-0.0018182
-0.00182772
-0.00183667
-0.00184475
-0.00177845
-0.00177873
-0.00178912
-0.00179917
-0.00180888
-0.00181792
-0.00182694
-0.0018356
-0.00184381
-0.00185129
-0.00179041
-0.00179007
-0.00179944
-0.00180853
-0.00181734
-0.00182558
-0.00183381
-0.00184174
-0.00184932
-0.00185621
-0.00180026
-0.00179924
-0.00180777
-0.00181607
-0.00182412
-0.0018317
-0.00183926
-0.00184658
-0.00185361
-0.00185995
-0.00180844
-0.00180676
-0.00181458
-0.00182221
-0.00182963
-0.00183665
-0.00184365
-0.00185044
-0.001857
-0.0018628
-0.00181527
-0.00181299
-0.00182021
-0.00182727
-0.00183416
-0.00184069
-0.0018472
-0.00185355
-0.00185969
-0.00186499
-0.00182103
-0.00181821
-0.00182492
-0.0018315
-0.00183792
-0.00184403
-0.00185012
-0.00185607
-0.00186185
-0.00186667
-0.00182592
-0.00182264
-0.0018289
-0.00183506
-0.00184107
-0.00184681
-0.00185254
-0.00185814
-0.00186359
-0.00186797
-0.00183011
-0.00182644
-0.0018323
-0.00183808
-0.00184374
-0.00184915
-0.00185456
-0.00185985
-0.00186501
-0.00186897
-0.00183372
-0.00182971
-0.00183522
-0.00184067
-0.00184601
-0.00185114
-0.00185626
-0.00186128
-0.00186617
-0.00186973
-0.00183685
-0.00183256
-0.00183775
-0.00184291
-0.00184797
-0.00185284
-0.0018577
-0.00186247
-0.00186712
-0.0018703
-0.00183957
-0.00183506
-0.00183996
-0.00184486
-0.00184967
-0.0018543
-0.00185893
-0.00186347
-0.00186791
-0.00187073
-0.00184197
-0.00183727
-0.0018419
-0.00184656
-0.00185114
-0.00185557
-0.00185998
-0.00186432
-0.00186856
-0.00187105
-0.00184408
-0.00183923
-0.00184361
-0.00184806
-0.00185244
-0.00185667
-0.00186089
-0.00186505
-0.0018691
-0.00187127
-0.00184594
-0.00184099
-0.00184514
-0.00184939
-0.00185358
-0.00185763
-0.00186168
-0.00186566
-0.00186955
-0.00187142
-0.0018476
-0.00184256
-0.0018465
-0.00185057
-0.00185458
-0.00185848
-0.00186236
-0.00186619
-0.00186991
-0.00187152
-0.00184908
-0.00184398
-0.00184772
-0.00185163
-0.00185548
-0.00185923
-0.00186296
-0.00186665
-0.00187022
-0.00187156
-0.00185041
-0.00184527
-0.00184882
-0.00185258
-0.00185628
-0.00185989
-0.00186348
-0.00186704
-0.00187047
-0.00187157
-0.0018516
-0.00184645
-0.00184982
-0.00185343
-0.001857
-0.00186048
-0.00186395
-0.00186737
