-1.44051e-06
-0.00077679
-0.00133204
-0.00174195
-0.00212495
-0.00249868
-0.00259593
-0.00273269
-0.00284927
-0.00293384
-0.00301747
-0.00300267
-0.0031148
-0.00322151
-0.00330231
-0.00336631
-0.00333548
-0.00336553
-0.00330635
-0.00336927
-0.00342344
-0.00347856
-0.00352995
-0.00356875
-0.00360404
-0.00360641
-0.00351525
-0.00355878
-0.00361632
-0.00368593
-0.0037581
-0.00382124
-0.00387549
-0.00392449
-0.00385216
-0.0039007
-0.00394533
-0.00398658
-0.00402828
-0.00406718
-0.00409973
-0.00412877
-0.00414992
-0.00408972
-0.00411744
-0.00414342
-0.00416989
-0.00419671
-0.0042202
-0.00424
-0.00425825
-0.00419791
-0.00421707
-0.00423521
-0.00425341
-0.0042729
-0.00429141
-0.00430691
-0.00432044
-0.00429403
-0.00427995
-0.00429356
-0.00430697
-0.00432153
-0.00433651
-0.00434977
-0.00436078
-0.00437076
-0.00432221
-0.00433298
-0.00434343
-0.00435459
-0.00436676
-0.00437841
-0.00438821
-0.00439656
-0.00435754
-0.00436086
-0.00436939
-0.00437821
-0.00438808
-0.00439827
-0.00440736
-0.00441485
-0.00442077
-0.00438131
-0.00438852
-0.00439575
-0.00440377
-0.00441255
-0.00442098
-0.00442812
-0.00443411
-0.0043983
-0.00440302
-0.00440915
-0.00441575
-0.00442322
-0.0044309
-0.00443781
-0.0044435
-0.00444424
-0.00441426
-0.00441962
-0.00442516
-0.00443146
-0.00443833
-0.00444492
-0.00445056
-0.00445519
-0.00442375
-0.00442793
-0.00443272
-0.00443804
-0.00444406
-0.00445023
-0.00445581
-0.00446043
-0.00445301
-0.00443463
-0.00443889
-0.00444342
-0.00444864
-0.00445428
-0.00445971
-0.00446437
-0.00446795
-0.0044404
-0.00444397
-0.00444792
-0.0044524
-0.00445746
-0.00446262
-0.00446731
-0.0044712
-0.00445661
-0.00444818
-0.00445172
-0.00445559
-0.00446005
-0.00446485
-0.00446946
-0.00447346
-0.0044757
-0.00445188
-0.00445495
-0.00445834
-0.00446224
-0.0044666
-0.00447104
-0.00447509
-0.00447843
-0.00446056
-0.0044577
-0.00446074
-0.00446413
-0.00446804
-0.00447222
-0.00447624
-0.00447973
-0.00447983
-0.00446015
-0.00446284
-0.00446583
-0.00446928
-0.00447313
-0.00447702
-0.00448059
-0.00448344
-0.00446503
-0.00446467
-0.00446735
-0.00447039
-0.00447387
-0.00447757
-0.00448113
-0.00448423
-0.00448126
-0.00446633
-0.00446872
-0.0044714
-0.00447452
-0.00447796
-0.00448143
-0.00448461
-0.00448688
-0.00446925
-0.00446995
-0.00447235
-0.00447511
-0.00447826
-0.00448158
-0.00448477
-0.00448754
-0.00448123
-0.00447108
-0.00447324
-0.00447568
-0.00447852
-0.00448163
-0.00448477
-0.00448764
-0.0044891
-0.00447292
-0.00447406
-0.00447625
-0.00447878
-0.00448165
-0.00448466
-0.00448756
-0.00449002
-0.00448102
-0.00447483
-0.0044768
-0.00447905
-0.00448166
-0.0044845
-0.00448736
-0.00448998
-0.00449026
-0.00447602
-0.00447733
-0.00447935
-0.00448169
-0.00448433
-0.00448709
-0.00448974
-0.00449187
-0.00448125
-0.00447784
-0.00447966
-0.00448175
-0.00448417
-0.00448678
-0.00448941
-0.0044918
-0.00449054
-0.00447862
-0.00447998
-0.00448186
-0.00448404
-0.00448649
-0.00448903
-0.00449147
-0.00449319
-0.00448196
-0.0044803
-0.004482
-0.00448396
-0.00448621
-0.00448863
-0.00449106
-0.00449324
-0.00449021
-0.00448081
-0.00448217
-0.00448393
-0.00448597
-0.00448825
-0.00449061
-0.00449287
-0.00449404
-0.00448295
-0.00448235
-0.00448395
-0.00448579
-0.00448789
-0.00449015
-0.00449241
-0.00449436
-0.00448963
-0.00448266
-0.004484
-0.00448566
-0.00448758
-0.00448971
-0.00449191
-0.00449401
-0.00449445
-0.00448404
-0.00448407
-0.00448558
-0.00448733
-0.00448931
-0.00449142
-0.00449352
-0.00449523
-0.00448912
-0.00448425
-0.00448555
-0.00448712
-0.00448894
-0.00449094
-0.004493
-0.00449494
-0.00449448
-0.00448514
-0.00448554
-0.00448698
-0.00448863
-0.0044905
-0.00449249
-0.00449445
-0.00449585
-0.00448884
-0.00448561
-0.00448687
-0.00448838
-0.0044901
-0.00449199
-0.00449392
-0.0044957
-0.00449421
-0.00448618
-0.0044868
-0.00448818
-0.00448975
-0.00449152
-0.00449339
-0.00449524
-0.00449625
-0.0044888
-0.0044868
-0.00448802
-0.00448946
-0.00449109
-0.00449288
-0.00449471
-0.00449632
-0.00449375
-0.00448714
-0.0044879
-0.00448922
