-7.92797e-06
-0.000217375
-0.000308182
-0.000264626
-0.000213167
-0.000387923
-0.000460375
-0.000480045
-0.000501909
-0.00051338
-0.000512727
-0.000359841
-0.000412913
-0.000478817
-0.000524075
-0.00054936
-0.000564734
-0.000570631
-0.000550304
-0.000448822
-0.000471911
-0.000512352
-0.000544773
-0.000568114
-0.000585821
-0.000594375
-0.000575904
-0.000499478
-0.000502948
-0.00053079
-0.000556025
-0.00057601
-0.000593032
-0.000603835
-0.000593975
-0.000535809
-0.000523495
-0.000542408
-0.000562717
-0.000579927
-0.000595165
-0.000606482
-0.000603766
-0.000563237
-0.000539592
-0.000550378
-0.000566734
-0.000581745
-0.000595183
-0.000606124
-0.000607755
-0.000582263
-0.000553976
-0.000556591
-0.000569266
-0.000582365
-0.000594287
-0.000604518
-0.000608506
-0.0005939
-0.000567192
-0.00056229
-0.000571115
-0.000582357
-0.000593025
-0.000602459
-0.000607632
-0.000600173
-0.00057852
-0.000568141
