-9.27519e-06
-0.000740922
-0.00126609
-0.00176656
-0.00189693
-0.00262057
-0.00294324
-0.0031668
-0.00337255
-0.00352006
-0.00364515
-0.00334224
-0.00362548
-0.00384203
-0.00399854
-0.00407464
-0.00413834
-0.00419059
-0.00423665
-0.00398204
-0.00412603
-0.004248
-0.00435072
-0.00442449
-0.00446365
-0.00449231
-0.00450963
-0.00428673
-0.00438133
-0.00446567
-0.00453994
-0.00460302
-0.00464933
-0.00467202
-0.00468542
-0.00447203
-0.00454181
-0.00460593
-0.00466393
-0.00471532
-0.00476126
-0.00479179
-0.00480614
-0.00459942
-0.00465441
-0.00470586
-0.00475351
-0.00479615
-0.00483687
-0.00487082
-0.00489214
-0.00469362
-0.00473878
-0.00478151
-0.00482173
-0.00485797
-0.00489342
-0.00492542
-0.00495126
-0.00476937
-0.0048037
-0.00483991
-0.0048743
-0.0049057
-0.00493644
-0.00496516
-0.00499074
-0.00494578
-0.00485335
-0.00488449
-0.00491425
-0.00494255
-0.00496861
-0.00499417
-0.00501786
-0.00503649
-0.00489106
-0.00491824
-0.00494434
-0.00496934
-0.00499246
-0.00501532
-0.00503691
-0.00505669
-0.00492063
-0.0049439
-0.0049671
-0.00498942
-0.0050102
-0.00503082
-0.00505051
-0.00506905
-0.0049768
-0.00496364
-0.00498451
-0.00500467
-0.00502392
-0.0050423
-0.00506034
-0.00507755
-0.00507979
-0.00497907
-0.00499802
-0.00501639
-0.00503417
-0.0050509
-0.00506753
-0.00508352
-0.00509785
-0.00499187
-0.00500864
-0.00502553
-0.00504192
-0.0050574
-0.00507282
-0.00508772
-0.00510197
-0.00501512
-0.00501712
-0.00503274
-0.00504794
-0.00506247
-0.00507673
-0.00509067
-0.00510415
-0.00508467
-0.00502398
-0.00503849
-0.00505267
-0.00506647
-0.00507962
-0.00509272
-0.00510544
-0.00511387
-0.00503008
-0.00504313
-0.00505642
-0.00506939
-0.00508176
-0.00509411
-0.00510613
-0.00511735
-0.00504174
-0.00504691
-0.00505941
-0.00507164
-0.00508337
-0.00509501
-0.0051064
-0.00511744
-0.00508257
-0.00505004
-0.00506181
-0.00507337
-0.00508464
-0.00509554
-0.00510637
-0.00511693
-0.00511765
-0.00505307
-0.00506374
-0.00507471
-0.00508546
-0.00509579
-0.00510611
-0.0051162
-0.00512452
-0.00505956
-0.00506531
-0.00507574
-0.00508599
-0.00509586
-0.00510569
-0.00511535
-0.00512452
-0.00508315
-0.00506663
-0.00507653
-0.00508631
-0.00509584
-0.00510516
-0.00511441
-0.00512342
-0.00511543
-0.00506809
-0.00507712
-0.00508648
-0.00509566
-0.00510455
-0.00511342
-0.00512212
-0.00512697
-0.00507191
-0.00507756
-0.00508652
-0.00509534
-0.00510388
-0.0051124
-0.00512078
-0.00512823
-0.00508598
-0.00507793
-0.00508648
-0.00509495
-0.00510322
-0.00511137
-0.00511945
-0.00512721
-0.00511152
-0.00507854
-0.00508636
-0.00509452
-0.00510254
-0.00511034
-0.00511814
-0.00512576
-0.00512643
-0.00508083
-0.00508619
-0.00509404
-0.00510179
-0.00510933
-0.00511685
-0.00512425
-0.00512978
-0.00508958
-0.00508603
-0.00509355
-0.00510103
-0.00510834
-0.00511559
-0.00512276
-0.00512936
-0.00510831
-0.00508614
-0.00509304
-0.00510028
-0.00510739
-0.00511437
-0.00512132
-0.00512803
-0.00512415
-0.00508751
-0.00509253
-0.00509952
-0.00510644
-0.00511318
-0.00511992
