-4.73729e-07
-0.000447219
-0.000703326
-0.000919724
-0.00108373
-0.00128525
-0.0013126
-0.00139093
-0.00147481
-0.00151136
-0.00155721
-0.0015887
-0.00164364
-0.00166357
-0.00166817
-0.0017777
-0.00173925
-0.00172865
-0.00182259
-0.00179706
-0.00177687
-0.00185786
-0.00184333
-0.00181627
-0.00188572
-0.00192926
-0.00184895
-0.00190831
-0.00195646
-0.00187668
-0.00192792
-0.00197524
-0.00190464
-0.00195423
-0.00200764
-0.00195141
-0.00200297
-0.00205906
-0.00202366
-0.00205635
-0.00210812
-0.00214741
-0.0021021
-0.00214825
-0.00218486
-0.00213976
-0.00218044
-0.00221487
-0.00217078
-0.00220654
-0.00223944
-0.00219655
-0.00222805
-0.0022597
-0.00221818
-0.00224609
-0.00227643
-0.00224773
-0.00226147
-0.00229023
-0.00231
-0.00227474
-0.00230164
-0.00232275
-0.0022863
-0.00231113
-0.002332
-0.00229643
-0.00231913
-0.00233991
-0.00230533
-0.00232599
-0.00234665
-0.00231332
-0.00233196
-0.00235235
-0.00232907
-0.00233727
-0.00235712
-0.00236804
-0.00234204
-0.00236108
-0.00237589
-0.00234638
-0.00236439
-0.00237946
-0.00235035
-0.00236719
-0.00238244
-0.00235399
-0.00236959
-0.00238499
-0.0023576
-0.00237171
-0.00238711
-0.00236758
-0.00237363
-0.00238883
-0.00239431
-0.00237541
-0.0023902
-0.00240144
-0.00237709
-0.00239129
-0.00240312
-0.00237868
-0.00239215
-0.00240424
-0.00238022
-0.00239286
-0.00240515
-0.00238208
-0.00239346
-0.00240583
-0.002389
-0.002394
-0.00240632
-0.00240819
-0.00239451
-0.00240662
-0.00241538
-0.00239502
-0.00240677
-0.00241649
-0.00239555
-0.00240681
-0.00241684
-0.00239612
-0.00240677
-0.00241701
-0.00239717
-0.0024067
-0.00241705
-0.00240224
-0.00240661
-0.00241697
-0.00241643
-0.00240653
-0.00241679
-0.0024236
-0.00240649
-0.00241651
-0.0024247
-0.00240649
-0.00241617
-0.00242473
-0.00240658
-0.00241579
-0.00242456
-0.0024072
-0.00241539
-0.00242429
-0.00241105
-0.002415
-0.00242394
-0.00242179
-0.00241464
-0.00242352
-0.00242871
-0.0024143
-0.00242304
-0.00243003
-0.00241403
-0.00242252
-0.00242997
-0.00241387
-0.00242198
-0.00242964
-0.00241426
-0.00242143
-0.00242923
-0.00241725
-0.00242089
-0.00242875
-0.00242554
-0.00242038
-0.00242822
-0.00243201
-0.0024199
-0.00242765
-0.00243363
-0.00241948
-0.00242704
-0.00243361
-0.00241919
-0.00242643
-0.00243322
-0.00241943
-0.00242581
-0.00243274
-0.00242179
-0.0024252
-0.0024322
-0.00242831
-0.00242461
-0.00243162
-0.00243423
-0.00242406
-0.00243101
-0.00243612
-0.00242357
-0.00243038
-0.00243621
-0.00242321
-0.00242973
-0.00243583
-0.00242336
-0.00242909
-0.00243533
-0.00242525
-0.00242845
-0.00243477
-0.00243044
-0.00242783
-0.00243417
-0.00243577
-0.00242725
-0.00243355
-0.00243787
-0.00242672
-0.00243291
-0.00243812
-0.00242634
-0.00243226
-0.00243778
-0.00242642
-0.00243161
-0.00243728
-0.00242795
-0.00243097
-0.00243672
-0.00243214
-0.00243035
-0.00243613
-0.00243688
-0.00242976
-0.00243552
-0.00243913
-0.00242922
-0.00243489
-0.00243953
-0.00242883
-0.00243425
-0.00243927
-0.00242885
-0.00243361
-0.0024388
-0.0024301
-0.00243298
-0.00243825
-0.00243352
-0.00243236
-0.00243767
-0.00243771
-0.00243177
-0.00243707
-0.00244003
-0.00243124
-0.00243646
-0.0024406
-0.00243084
-0.00243584
-0.00244042
-0.00243083
-0.00243521
-0.00243999
-0.00243185
-0.0024346
-0.00243946
-0.00243467
-0.002434
-0.0024389
-0.00243836
-0.00243342
-0.00243832
-0.00244069
-0.0024329
-0.00243773
-0.00244141
-0.0024325
-0.00243713
-0.00244133
-0.00243247
-0.00243653
-0.00244094
-0.00243331
-0.00243593
-0.00244044
-0.00243565
-0.00243535
-0.00243991
-0.00243888
-0.00243478
-0.00243935
-0.00244117
-0.00243428
-0.00243877
-0.00244202
-0.00243389
-0.0024382
-0.00244204
-0.00243383
-0.00243762
-0.00244171
-0.00243453
-0.00243704
-0.00244125
-0.00243648
-0.00243648
-0.00244073
-0.00243932
-0.00243593
-0.0024402
-0.00244153
-0.00243544
-0.00243965
-0.00244249
-0.00243507
-0.00243909
-0.00244261
-0.00243499
-0.00243853
-0.00244234
-0.00243556
-0.00243798
-0.00244191
-0.00243721
-0.00243743
-0.00244142
-0.00243969
-0.00243691
-0.00244091
-0.0024418
-0.00243644
-0.00244038
-0.00244285
-0.00243608
-0.00243985
-0.00244306
-0.00243598
-0.00243931
-0.00244285
-0.00243645
-0.00243878
-0.00244247
-0.00243784
-0.00243825
-0.00244201
-0.00244002
-0.00243775
-0.00244152
-0.00244201
-0.0024373
-0.00244101
-0.00244311
-0.00243695
-0.0024405
-0.00244342
-0.00243684
-0.00243998
-0.00244328
-0.00243722
-0.00243947
