-8.48779e-07
-0.000212058
-0.000286576
-0.000320168
-2.36659e-05
-0.000341585
-0.000528704
-0.000491891
-0.000424926
-0.000427
-0.00042876
-0.000429304
-0.000367669
-0.000262779
-0.000343878
-0.000441599
-0.000518488
-0.00056015
-0.000540093
-0.000487324
-0.000462499
-0.000411217
-0.000336237
-0.000357756
-0.000413641
-0.000469628
-0.000518017
-0.000553515
-0.000565552
-0.000537751
-0.000469487
-0.000391217
-0.000378136
-0.000408951
-0.000449136
-0.00048876
-0.000524493
-0.000553533
-0.000570234
-0.000556556
-0.00047808
-0.000412338
-0.000416681
-0.000443467
-0.000474449
-0.000504972
-0.000533103
-0.000556966
-0.000572031
-0.000560246
-0.000490362
-0.000439333
-0.000445215
-0.000467254
-0.000492151
-0.000516774
-0.000539763
-0.000559556
-0.000571635
-0.000559087
-0.000501473
-0.000461426
-0.000465639
-0.000483687
-0.00050433
-0.000524882
-0.000544202
-0.000560772
-0.000569912
-0.000556829
-0.000510213
-0.000478185
-0.000480545
-0.000495388
-0.000512899
-0.000530486
-0.000547053
-0.000561012
-0.000567644
-0.000554661
-0.000516891
-0.00049084
-0.00049176
-0.000504038
-0.000519132
-0.000534453
-0.00054886
-0.000560666
-0.000565289
-0.000552878
-0.00052202
-0.000500525
-0.000500441
-0.000510659
-0.000523815
-0.000537333
-0.000549983
-0.000559997
-0.000563068
-0.000551492
-0.00052602
-0.000508066
-0.000507324
-0.000515877
-0.000527439
-0.000539469
-0.000550652
-0.000559167
-0.000561069
-0.000550439
-0.000529195
-0.00051404
-0.000512889
-0.000520092
-0.000530311
-0.000541082
-0.000551016
-0.000558274
-0.000559313
-0.000549647
-0.000531758
-0.00051885
-0.000517463
-0.000523563
-0.000532636
-0.00054232
-0.000551174
-0.000557378
-0.000557791
-0.000549054
-0.000533858
-0.000522777
-0.000521274
-0.000526468
-0.00053455
-0.000543281
-0.000551193
-0.00055651
-0.000556478
-0.000548611
-0.000535602
-0.000526026
-0.000524485
-0.000528931
-0.000536149
-0.000544035
-0.000551119
-0.00055569
-0.000555349
-0.000548279
-0.000537067
-0.000528743
-0.000527215
-0.00053104
-0.000537499
-0.000544632
-0.000550984
-0.000554925
-0.000554376
-0.00054803
-0.00053831
-0.000531037
-0.000529556
-0.000532861
-0.000538652
-0.000545108
-0.00055081
-0.000554218
-0.000553538
-0.000547844
-0.000539373
-0.000532991
-0.000531578
-0.000534445
-0.000539643
-0.00054549
-0.000550614
-0.000553571
-0.000552812
-0.000547704
-0.000540289
-0.000534668
-0.000533333
-0.00053583
-0.000540501
