-8.49187e-07
-0.000202275
-0.000273503
-0.000168869
-0.000259244
-0.000489202
-0.000444881
-0.000392829
-0.000400273
-0.000402286
-0.000373314
-0.000258923
-0.000353044
-0.000447845
-0.000515505
-0.000523306
-0.000459067
-0.000435468
-0.000363367
-0.000328495
-0.000381467
-0.000439242
-0.00048999
-0.000526918
-0.000532322
-0.000477586
-0.000382491
-0.000365114
-0.000400558
-0.000441938
-0.000481344
-0.000515489
-0.000539384
-0.000531984
-0.000430184
-0.000394431
-0.000418748
-0.000450225
-0.000481664
-0.000510751
-0.000535164
-0.000546843
-0.000494628
-0.000422667
-0.000433402
-0.000457686
-0.000483207
-0.00050779
-0.000529954
-0.000546019
-0.000532229
-0.000458784
-0.000445596
-0.000463151
-0.000484166
-0.000505138
-0.000524853
-0.000541294
-0.000543977
-0.000498361
-0.000459757
-0.000467541
-0.000484624
-0.000502683
-0.000520199
-0.000535868
-0.000544672
-0.000525413
-0.000479754
-0.000472551
-0.000484968
-0.000500486
-0.000516091
-0.000530668
-0.000541548
-0.000537497
-0.000502851
-0.00048039
-0.000485794
-0.000498631
-0.000512521
-0.000525961
-0.000537308
-0.000540637
-0.000521488
-0.000492377
-0.000488034
-0.000497295
-0.000509464
-0.00052179
-0.000532941
-0.00053962
-0.000532228
-0.000506838
-0.000492774
-0.000496841
-0.000506943
-0.000518134
-0.000528802
-0.000536895
-0.000536592
-0.000519841
-0.000500474
-0.000497832
-0.000505084
-0.000514979
-0.00052501
-0.000533579
-0.000537148
-0.000528705
-0.000510093
-0.000500844
-0.000504146
-0.000512362
-0.000521607
-0.00053017
-0.000535736
-0.000533305
-0.000519401
-0.000506033
-0.000504492
-0.000510396
-0.000518623
-0.00052689
-0.000533407
-0.000534787
-0.000526516
-0.000512721
-0.00050645
-0.000509281
-0.00051612
-0.000523854
-0.000530721
-0.000534347
-0.000530843
-0.000519551
-0.000510059
-0.000509262
-0.00051421
-0.00052114
-0.000527974
-0.000532839
-0.000532764
-0.000525218
-0.00051486
-0.000510536
-0.000513049
-0.000518834
-0.000525336
-0.000530802
-0.000532974
-0.000529069
-0.000519975
-0.000513096
-0.000512814
-0.000517044
-0.000522925
-0.000528558
-0.000532103
-0.000531119
-0.000524488
-0.00051662
-0.000513624
-0.000515901
-0.000520844
-0.000526311
-0.000530614
-0.000531728
-0.000527819
-0.000520513
-0.000515459
-0.000515534
-0.0005192
