-1.45891e-06
-0.000203581
-0.000275224
-0.000240616
-0.000302422
-0.000426785
-0.000412133
-0.000391399
-0.000400299
-0.000403035
-0.000391982
-0.000337759
-0.000388158
-0.000437439
-0.000473415
-0.000479867
-0.000449238
-0.000437745
-0.000401935
-0.000386734
-0.000414976
-0.000444927
-0.000471321
-0.000491208
-0.000495573
-0.000468794
-0.000420841
-0.00041393
-0.000433244
-0.000455133
-0.000475873
-0.000494141
-0.000507498
-0.000505082
-0.000453953
-0.000437268
-0.000450783
-0.000467624
-0.000484246
-0.000499676
-0.000512875
-0.000519734
-0.000493946
-0.000458296
-0.000464648
-0.000477622
-0.000491065
-0.000503962
-0.000515691
-0.000524416
-0.000518017
-0.000481252
-0.000475274
-0.000484663
-0.00049568
-0.000506598
-0.000516883
-0.000525568
-0.000527337
-0.000504553
-0.000485486
-0.000489831
-0.000498763
-0.000508119
-0.000517177
-0.00052533
-0.000530055
-0.000520569
-0.000497742
-0.000494447
-0.000500962
-0.00050898
-0.000517009
-0.000524525
-0.000530204
-0.000528355
-0.000511006
-0.000499918
-0.000502862
-0.000509492
-0.000516619
-0.000523511
-0.000529363
-0.000531188
-0.000521643
-0.000507104
-0.000505105
-0.000509913
-0.00051615
-0.00052245
-0.000528163
-0.000531636
-0.00052801
-0.000515292
-0.00050835
-0.00051053
-0.000515712
-0.000521422
-0.000526866
-0.000531022
-0.000530952
-0.000522572
-0.000512907
-0.000511695
-0.000515434
-0.000520482
-0.000525589
-0.000529964
-0.000531826
-0.000527628
-0.000518308
-0.000513745
-0.000515492
-0.000519689
-0.000524391
-0.000528748
-0.000531601
-0.000530426
-0.000523462
-0.000516795
-0.000516098
-0.000519129
-0.000523313
-0.000527513
-0.000530833
-0.000531569
-0.000527437
-0.000520532
-0.000517441
-0.000518924
-0.000522408
-0.000526333
-0.000529821
-0.00053168
-0.000529947
-0.000524289
-0.000519558
-0.000519213
-0.000521744
-0.000525262
-0.000528728
-0.000531204
-0.000531193
-0.000527416
-0.000522234
-0.000520105
-0.000521412
-0.000524353
-0.000527648
-0.000530422
-0.000531538
-0.000529592
-0.000525036
-0.00052161
-0.000521508
-0.000523667
-0.000526648
-0.000529502
-0.000531306
-0.000530829
-0.000527507
-0.000523572
-0.0005221
-0.000523277
-0.000525786
-0.000528555
-0.000530736
-0.000531313
-0.000529359
-0.000525699
-0.000523184
-0.000523252
-0.00052512
