-8.5719e-07
-0.000171978
-0.000245259
-0.000265796
-0.000283739
-0.000350762
-0.000314366
-0.00031942
-0.000342785
-0.000338993
-0.000339086
-0.000338587
-0.000368468
-0.00035242
-0.000337851
-0.00039791
-0.000362494
-0.000339128
-0.000403331
-0.000371249
-0.000341851
-0.000399576
-0.000382261
-0.000345932
-0.000394798
-0.000398562
-0.000351496
-0.000390965
-0.000413139
-0.000358669
-0.000388439
-0.000419754
-0.000367761
-0.000387123
-0.000421066
-0.000379916
-0.000386794
-0.00042033
-0.000396399
-0.000387239
-0.000419019
-0.000414374
-0.000388324
-0.000417653
-0.00042759
-0.00039007
-0.000416401
-0.000434242
-0.000392808
-0.000415305
-0.000436542
-0.000397432
-0.000414376
-0.000436659
-0.000405297
-0.000413622
-0.000435786
-0.000416688
-0.000413072
-0.000434488
-0.000428794
-0.000412806
-0.000433032
-0.000437799
-0.000413021
-0.00043155
-0.000442628
-0.000414117
-0.000430111
-0.000444394
-0.000416747
-0.00042876
-0.000444418
-0.000421564
-0.000427538
-0.000443561
-0.000428457
-0.000426503
-0.000442287
-0.000435938
-0.00042576
-0.000440837
-0.000442041
-0.000425497
-0.000439338
-0.000445827
-0.000426015
-0.000437862
-0.00044753
-0.000427697
-0.000436459
-0.000447811
-0.000430821
-0.000435178
-0.00044725
-0.000435214
-0.000434083
-0.000446232
-0.000440066
-0.000433275
-0.000444987
-0.000444313
-0.000432908
-0.00044365
-0.000447272
-0.000433189
-0.000442304
-0.000448857
-0.000434335
-0.00044101
-0.000449342
-0.000436461
-0.000439823
-0.000449076
-0.000439417
-0.000438811
-0.000448345
-0.000442729
-0.000438062
-0.00044735
-0.000445775
-0.000437696
-0.000446226
-0.000448083
-0.000437852
-0.000445062
-0.000449486
-0.000438656
-0.000443926
-0.000450066
-0.000440153
-0.000442878
-0.000450014
-0.000442225
-0.000441985
-0.000449526
-0.000444576
-0.000441322
-0.000448765
-0.000446819
-0.000440983
-0.000447851
-0.000448625
-0.000441061
-0.000446873
-0.000449829
-0.000441633
-0.000445901
-0.000450425
-0.00044271
-0.000444998
-0.000450509
-0.000444206
-0.000444225
-0.000450206
-0.000445924
-0.000443648
-0.00044964
-0.000447609
-0.000443339
-0.000448913
-0.000449031
-0.000443365
-0.000448106
-0.000450045
-0.000443772
-0.000447289
-0.000450613
-0.000444559
-0.000446521
-0.000450773
-0.000445661
-0.000445859
-0.000450603
-0.000446943
-0.000445361
