-1.66631e-06
-0.000451249
-0.000707184
-0.000924191
-0.00108885
-0.00125451
-0.00131896
-0.00139783
-0.00147284
-0.00151904
-0.00156526
-0.00160167
-0.00164755
-0.00167241
-0.00168936
-0.00175698
-0.00174866
-0.00175444
-0.00181093
-0.00180692
-0.0018053
-0.00185326
-0.00185354
-0.00184637
-0.00188725
-0.00191581
-0.00188023
-0.00191521
-0.00194456
-0.00190892
-0.00193941
-0.00196816
-0.00193823
-0.00197049
-0.00200594
-0.00198724
-0.00202361
-0.0020618
-0.0020537
-0.00207959
-0.00211418
-0.00214237
-0.00212706
-0.00215729
-0.00218252
-0.00216601
-0.00219226
-0.00221514
-0.00219807
-0.0022209
-0.00224202
-0.00222472
-0.00224467
-0.00226438
-0.00224711
-0.00226467
-0.0022831
-0.00227183
-0.00228168
-0.00229884
-0.00231161
-0.00229631
-0.00231217
-0.00232515
-0.002309
-0.00232353
-0.00233605
-0.00232007
-0.0023333
-0.00234549
-0.00232979
-0.00234179
-0.00235369
-0.00233843
-0.00234924
-0.00236081
-0.00235049
-0.00235586
-0.002367
-0.00237379
-0.00236177
-0.00237238
-0.00238092
-0.00236709
-0.00237709
-0.00238562
-0.00237191
-0.00238123
-0.00238975
-0.00237628
-0.00238492
-0.00239341
-0.00238042
-0.00238823
-0.00239663
-0.00238756
-0.00239123
-0.00239947
-0.00240294
-0.00239398
-0.00240196
-0.00240822
-0.00239652
-0.00240416
-0.00241064
-0.00239888
-0.00240612
-0.00241267
-0.00240108
-0.00240787
-0.00241448
-0.00240334
-0.00240947
-0.00241607
-0.00240806
-0.00241093
-0.00241747
-0.00241885
-0.00241229
-0.00241869
-0.00242348
-0.00241357
-0.00241977
-0.00242498
-0.00241478
-0.00242072
-0.00242606
-0.00241595
-0.00242158
-0.00242698
-0.00241731
-0.00242235
-0.00242779
-0.00242065
-0.00242306
-0.00242849
-0.00242851
-0.00242373
-0.00242909
-0.00243277
-0.00242437
-0.0024296
-0.00243394
-0.00242499
-0.00243004
-0.00243454
-0.00242563
-0.00243043
-0.00243501
-0.0024265
-0.00243078
-0.00243541
-0.00242897
-0.00243109
-0.00243573
-0.00243486
-0.00243139
-0.00243599
-0.00243879
-0.00243168
-0.0024362
-0.00243987
-0.00243197
-0.00243637
-0.00244025
-0.00243231
-0.0024365
-0.00244047
-0.0024329
-0.00243661
-0.00244063
-0.00243477
-0.0024367
-0.00244075
-0.00243929
-0.00243679
-0.00244082
-0.00244287
-0.00243687
-0.00244086
-0.00244398
-0.00243697
-0.00244086
-0.00244426
-0.00243713
-0.00244085
-0.00244435
-0.00243754
-0.00244082
-0.00244438
-0.00243901
-0.00244078
-0.00244437
-0.00244254
-0.00244074
-0.00244433
-0.00244575
-0.00244071
-0.00244427
-0.00244692
-0.00244069
-0.00244418
-0.00244719
-0.00244074
-0.00244408
-0.00244721
-0.00244103
-0.00244396
-0.00244716
-0.00244219
-0.00244385
-0.00244708
-0.002445
-0.00244373
-0.00244697
-0.00244786
-0.00244363
-0.00244684
-0.00244909
-0.00244354
-0.0024467
-0.00244937
-0.00244352
-0.00244654
-0.00244937
-0.00244373
-0.00244638
-0.00244927
-0.00244467
-0.00244622
-0.00244915
-0.00244692
-0.00244606
-0.002449
-0.00244945
-0.00244591
-0.00244884
-0.00245071
-0.00244578
-0.00244866
-0.00245104
-0.00244572
-0.00244847
-0.00245104
-0.00244587
-0.00244828
-0.00245092
-0.00244662
-0.00244809
-0.00245077
-0.00244846
-0.0024479
-0.0024506
-0.00245069
-0.00244773
-0.00245041
-0.00245196
-0.00244757
-0.00245022
-0.00245234
-0.00244748
-0.00245002
-0.00245235
-0.00244759
-0.00244981
-0.00245224
-0.00244821
-0.0024496
-0.00245207
-0.00244972
-0.0024494
-0.00245189
-0.00245167
-0.0024492
-0.00245169
-0.00245292
-0.00244903
-0.00245148
-0.00245337
-0.00244893
-0.00245127
-0.00245341
-0.002449
-0.00245105
-0.00245329
-0.00244951
-0.00245084
-0.00245313
-0.00245077
-0.00245062
-0.00245293
-0.00245247
-0.00245042
-0.00245273
-0.00245369
-0.00245024
-0.00245252
-0.00245418
-0.00245013
-0.0024523
-0.00245426
-0.00245017
-0.00245208
-0.00245416
-0.00245059
-0.00245186
-0.00245399
-0.00245164
-0.00245165
-0.0024538
-0.00245313
-0.00245144
-0.0024536
-0.0024543
-0.00245126
-0.00245338
-0.00245484
-0.00245114
-0.00245317
-0.00245496
-0.00245116
-0.00245295
-0.00245488
-0.00245151
-0.00245273
-0.00245472
-0.00245239
-0.00245251
-0.00245453
-0.00245369
-0.0024523
-0.00245432
-0.00245481
-0.00245212
-0.00245411
-0.00245538
-0.00245199
-0.0024539
-0.00245553
-0.002452
-0.00245368
-0.00245547
-0.00245229
-0.00245346
-0.00245533
-0.00245304
-0.00245325
-0.00245514
-0.00245418
-0.00245304
-0.00245494
-0.00245522
-0.00245286
-0.00245473
-0.00245581
-0.00245273
-0.00245452
-0.00245601
-0.00245272
-0.00245431
-0.00245598
-0.00245296
-0.00245409
