-1.93011e-07
-0.000101838
-0.000137942
-1.284e-05
-9.01903e-05
-0.000311747
-0.00026009
-0.000202691
-0.000205124
-0.00020549
-0.000172236
-5.44732e-05
-0.000146568
-0.00023977
-0.000305575
-0.000311223
-0.000245124
-0.000221089
-0.00014659
-0.000110929
-0.000162821
-0.000219709
-0.000269588
-0.000305309
-0.000309394
-0.000253606
-0.000156938
-0.00013918
-0.000173575
-0.00021392
-0.000252415
-0.000285507
-0.000308202
-0.000299628
-0.000195964
-0.000160218
-0.000183703
-0.00021422
-0.000244847
-0.000273139
-0.000296673
-0.000307453
-0.000253649
-0.000181533
-0.000192018
-0.000215618
-0.000240522
-0.000264558
-0.000286147
-0.0003016
-0.000286846
-0.000212512
-0.000199682
-0.00021687
-0.000237439
-0.000258023
-0.000277359
-0.000293391
-0.000295509
-0.000248806
-0.000210494
-0.0002183
-0.000235093
-0.000252862
-0.000270114
-0.000285505
-0.000293956
-0.000273914
-0.00022796
-0.000221109
-0.000233421
-0.00024873
-0.000264137
-0.000278519
-0.000289164
-0.000284639
-0.000249348
-0.000227195
-0.000232723
-0.000245442
-0.000259183
-0.000272477
-0.000283661
-0.000286702
-0.000266954
-0.000237781
-0.000233736
-0.000243002
-0.00025507
-0.000267284
-0.000278315
-0.000284811
-0.000276999
-0.000251239
-0.000237436
-0.000241652
-0.000251719
-0.000262827
-0.000273403
-0.000281372
-0.0002808
-0.000263611
-0.000244272
-0.000241875
-0.000249179
-0.000259029
-0.000268991
-0.00027747
-0.000280867
-0.000272064
-0.000253244
-0.00024421
-0.000247657
-0.000255879
-0.000265079
-0.000273576
-0.000279028
-0.000276344
-0.000262128
-0.00024882
-0.000247482
-0.000253457
-0.000261669
-0.000269891
-0.000276329
-0.00027754
-0.000268972
-0.000255062
-0.000248968
-0.000251933
-0.0002588
-0.00026651
-0.000273323
-0.000276835
-0.0002731
-0.000261589
-0.000252166
-0.000251539
-0.000256563
-0.000263497
-0.000270297
-0.000275087
-0.000274846
-0.000267062
-0.000256643
-0.000252467
-0.000255102
-0.000260924
-0.000267415
-0.000272831
-0.00027489
-0.00027078
-0.000261532
-0.000254723
-0.000254584
-0.00025889
-0.000264784
-0.00027039
-0.000273859
-0.000272719
-0.0002659
-0.000258003
-0.000255132
-0.000257517
-0.000262501
-0.000267964
-0.000272219
-0.000273221
-0.000269135
-0.000261721
-0.000256734
-0.000256931
-0.000260669
