-1.52222e-05
-0.000750988
-0.00126916
-0.00176585
-0.00208014
-0.00262381
-0.0029288
-0.00315222
-0.00335755
-0.00350512
-0.0036304
-0.00353245
-0.0037259
-0.00387473
-0.00398907
-0.00405967
-0.00412373
-0.00417629
-0.00422318
-0.00411752
-0.00421195
-0.00429199
-0.00436055
-0.00441348
-0.00444989
-0.00447886
-0.00450044
-0.00440114
-0.00446152
-0.00451546
-0.00456305
-0.00460422
-0.00463804
-0.00465918
-0.00467448
-0.00457538
-0.00461903
-0.0046593
-0.00469563
-0.00472777
-0.00475817
-0.00478054
-0.00479415
-0.004696
-0.00472985
-0.00476166
-0.00479112
-0.00481707
-0.00484296
-0.0048653
-0.00488104
-0.00478563
-0.00481304
-0.00483908
-0.00486362
-0.00488523
-0.00490719
-0.0049273
-0.00494417
-0.0048562
-0.00487704
-0.00489874
-0.00491936
-0.00493774
-0.00495629
-0.00497378
-0.00498959
-0.00496752
-0.00492593
-0.00494423
-0.00496172
-0.00497834
-0.00499332
-0.00500847
-0.0050226
-0.0050341
-0.00496301
-0.00497866
-0.00499371
-0.00500812
-0.00502111
-0.00503435
-0.00504689
-0.00505848
-0.00499166
-0.00500487
-0.00501801
-0.00503065
-0.00504212
-0.00505383
-0.00506503
-0.00507561
-0.00502921
-0.00502506
-0.0050367
-0.00504794
-0.00505857
-0.00506869
-0.00507877
-0.00508842
-0.00509003
-0.00504086
-0.00505129
-0.0050614
-0.00507119
-0.00508018
-0.00508935
-0.00509817
-0.00510614
-0.00505369
-0.00506285
-0.00507204
-0.00508096
-0.00508919
-0.00509759
-0.00510572
-0.0051135
-0.00507
-0.00507212
-0.00508055
-0.00508874
-0.00509645
-0.0051041
-0.00511163
-0.00511891
-0.0051085
-0.00507967
-0.00508744
-0.00509502
-0.00510239
-0.00510929
-0.0051163
-0.00512311
-0.00512765
-0.00508613
-0.00509309
-0.00510014
-0.00510703
-0.00511347
-0.00512003
-0.00512642
-0.0051324
-0.00509454
-0.00509776
-0.00510436
-0.00511081
-0.0051169
-0.00512304
-0.00512906
-0.00513489
-0.00511652
-0.00510167
-0.00510786
-0.00511393
-0.00511983
-0.00512547
-0.00513116
-0.00513671
-0.00513695
-0.00510518
-0.00511078
-0.00511652
-0.00512214
-0.00512745
-0.00513284
-0.00513813
-0.00514247
-0.00510997
-0.00511325
-0.00511868
-0.00512402
-0.00512908
-0.0051342
-0.00513923
-0.00514401
-0.00512256
-0.00511536
-0.0051205
-0.00512558
-0.00513049
-0.00513529
-0.00514009
-0.00514477
-0.00514027
-0.00511735
-0.00512204
-0.00512688
-0.00513163
-0.00513616
-0.00514075
-0.00514526
-0.00514769
-0.00512024
-0.00512334
-0.00512797
-0.00513252
-0.00513686
-0.00514126
-0.00514559
-0.00514942
-0.00512776
-0.00512448
-0.00512888
-0.00513325
-0.00513746
-0.00514164
-0.0051458
-0.0051498
-0.00514126
-0.00512562
-0.00512965
-0.00513385
-0.00513796
-0.00514192
-0.00514593
-0.00514984
-0.00514999
-0.00512743
-0.00513031
-0.00513433
-0.00513831
-0.00514212
-0.00514598
-0.00514977
-0.00515257
-0.00513213
-0.00513088
-0.00513473
-0.00513857
-0.00514227
-0.00514597
-0.00514964
-0.00515301
-0.00514179
-0.00513151
-0.00513506
-0.00513876
-0.00514238
-0.00514591
-0.00514947
-0.0051529
-0.00515059
-0.00513266
-0.00513532
-0.00513889
-0.00514242
-0.00514582
-0.00514926
