-1.54615e-05
-0.000699669
-0.00102142
-0.00124089
-0.00133112
-0.00139467
-0.00151438
-0.00151561
-0.00153402
-0.00163287
-0.00163987
-0.00161053
-0.00169463
-0.00171942
-0.00166029
-0.00173179
-0.00176845
-0.00169581
-0.0017573
-0.00179842
-0.00172226
-0.0017763
-0.00181648
-0.00174268
-0.00179039
-0.0018275
-0.00176098
-0.0018001
-0.00183436
-0.00178559
-0.00180696
-0.00183864
-0.00182103
-0.00181194
-0.00184129
-0.00184873
-0.00181564
-0.00184288
-0.0018606
-0.00181861
-0.00184386
-0.00186428
-0.00182171
-0.00184443
-0.0018649
-0.0018266
-0.00184454
-0.00186435
-0.00183554
-0.00184431
-0.00186331
-0.00184836
-0.00184394
-0.00186207
-0.00186028
-0.00184363
-0.00186076
-0.00186745
-0.00184366
-0.00185946
-0.00187035
-0.00184454
-0.00185819
-0.0018708
-0.001847
-0.00185695
-0.00187008
-0.00185154
-0.00185576
-0.00186884
-0.00185764
-0.0018547
-0.0018674
-0.0018636
-0.00185391
-0.00186591
-0.00186789
-0.00185361
-0.00186445
-0.00187018
-0.00185408
-0.00186304
