-1.57235e-06
-4.92954e-05
-7.57581e-05
-9.11755e-05
0.00013303
7.90101e-05
-5.71381e-05
-0.000118383
-0.000136422
-0.000141443
-0.000146943
-0.000149348
-0.000143759
-5.37604e-05
6.57334e-06
-4.53089e-05
-9.54727e-05
-0.000130839
-0.000151449
-0.000162369
-0.000166758
-0.000164979
-0.000134692
-5.95496e-05
-5.06553e-05
-8.04784e-05
-0.000111105
-0.000135794
-0.00015389
-0.000166258
-0.00017215
-0.000166202
-0.000128146
-8.00366e-05
-7.83678e-05
-9.82275e-05
-0.00012003
-0.000138984
-0.000154421
-0.000166053
-0.000171625
-0.000163173
-0.000128756
-9.59844e-05
-9.4932e-05
-0.000109089
-0.000125756
-0.000141085
-0.000154268
-0.000164495
-0.00016883
-0.000159614
-0.000131463
-0.000107521
-0.000105986
-0.000116403
-0.000129649
-0.000142417
-0.000153717
-0.000162419
-0.000165424
-0.000156522
-0.000134173
-0.000115899
-0.000113878
