-1.8693e-06
-7.58568e-05
-0.000121684
4.7227e-05
0.000225406
-8.32963e-05
-0.000194293
-0.000213074
-0.000223699
-0.000228899
-0.000213749
0.000102959
1.32936e-05
-0.000107661
-0.000190405
-0.000235535
-0.00025436
-0.000258231
-0.00021272
-5.46465e-06
-4.4544e-05
-0.000119429
-0.000180612
-0.000225276
-0.000254504
-0.000266594
-0.000226562
-7.14968e-05
-7.48931e-05
-0.000126751
-0.000174693
-0.000213909
-0.000244552
-0.000262815
-0.000240767
-0.000122904
-9.65582e-05
-0.000131986
-0.000170722
-0.00020475
-0.000233511
-0.000253919
-0.000246771
-0.000164452
-0.000116279
-0.000136459
-0.000167817
-0.00019746
-0.000223624
-0.000244053
-0.000246075
-0.000194067
-0.000136854
-0.000141356
-0.00016579
-0.000191584
-0.000215216
-0.000234786
-0.000241872
-0.000211872
-0.00015785
-0.00014767
-0.00016475
-0.000186866
-0.000208165
-0.000226556
-0.000236273
-0.000220765
-0.000176888
-0.00015586
