1
0.500976
0.497007
0.461272
0.412539
0.357679
0.339344
0.315473
0.493866
0.425194
0.262248
0.248517
0.238162
0.229401
0.219315
0.216666
0.315928
0.379066
0.267268
0.189042
0.185496
0.181183
0.176201
0.175565
0.237509
0.314052
0.269952
0.198099
0.155158
0.154405
0.149113
0.144622
0.176618
0.22899
0.241824
0.18158
0.129787
0.122953
0.119123
0.115166
0.124527
0.163172
0.205821
0.16545
0.12045
0.0993626
0.0993958
0.0964557
0.0958638
0.12
0.154987
0.154736
0.116012
0.0840951
0.0854191
0.083276
0.0809606
0.0909803
0.11875
0.146766
0.113374
0.0825842
0.0725986
0.073442
0.0714216
0.0727533
0.0920993
0.11833
0.11162
0.0833667
0.0610398
0.0656597
0.0642009
0.06276
0.0725925
0.0942867
0.110358
0.0846438
0.0616191
0.0573649
0.0584305
0.0568279
0.059316
0.0754756
0.0964441
0.0859487
0.0639028
0.0471943
0.0534726
0.0523593
0.0515889
0.0609756
0.0787961
0.0871597
0.066488
0.0483635
0.047557
0.0486435
0.0473019
0.0505447
0.0644367
0.0818642
0.0689589
0.0510259
0.0395655
0.0452073
0.0442909
0.0441047
0.0529698
0.0681057
0.0712116
0.054013
0.0392644
0.0407259
0.041752
0.0406302
0.0443743
0.0565714
0.0710388
0.0569122
0.0419094
0.034449
0.0392344
0.0384414
0.0387769
0.0471176
0.0602823
0.0596003
0.0449398
0.0326582
0.0356998
0.0366324
0.035731
0.0398002
0.0506818
0.0615811
0.0479457
0.0351397
0.030607
0.034716
0.0340115
0.0348094
0.0426527
0.0543053
0.0507846
0.0380625
0.0276632
0.0318487
0.032676
0.0320072
0.0362755
0.046106
0.0533182
0.0410272
0.0299314
0.0276172
0.0311777
0.0305492
0.0317505
0.0391337
0.0495658
0.0438758
0.0326845
0.0237688
0.0288042
0.0295257
0.0291014
0.0334773
0.0424478
0.0465278
0.0355383
0.0258143
0.0252249
0.028331
0.0277785
0.029326
0.0362886
0.0455958
0.0383247
0.0283753
0.0208243
0.0263369
0.0269585
0.0267848
0.0312025
0.0394553
0.0409687
0.0310867
0.0224886
0.0232669
0.02599
0.0255217
0.0273606
0.0339408
0.0419124
0.0337744
0.0248541
0.019422
0.024296
0.0248279
0.0249047
0.029317
0.0369583
0.0363595
0.0274112
0.0197552
0.0216341
0.0240305
0.0236574
0.0257371
0.0319701
0.0382244
0.0299829
0.0219305
0.0182421
0.0225789
0.0230346
0.023355
0.0277292
0.0348289
0.0324847
0.0243314
0.0174762
0.0202508
0.0223658
0.0221
0.0243749
0.0302922
0.0346654
0.0267798
0.0194706
0.0172348
0.0211133
0.0215084
0.0220607
0.0263739
0.0329466
0.0291873
0.0217184
0.0155534
0.0190632
0.0209344
0.0207864
0.0232163
0.0288456
0.0314284
0.0240427
0.0173778
0.0163639
0.0198469
0.0201978
0.0209667
0.0252033
0.0311691
0.0263509
0.0194782
0.013915
0.0180315
0.0196914
0.0196695
0.0222196
0.0275828
0.0285617
0.0216802
0.0155802
0.0156027
0.018741
0.0190645
0.0200321
0.0241824
0.0293514
0.0238883
0.0175403
0.012804
0.017126
0.018603
0.0187128
0.0213534
0.0264628
0.0260367
0.0196238
0.014024
0.014931
0.0177666
0.0180792
0.0192262
0.0232838
0.0274388
0.0217331
0.0158509
0.0123681
0.0163242
0.0176439
0.0178879
0.0205938
0.0254431
0.0238077
0.0178204
0.0126672
0.014333
0.0169014
0.0172183
0.0185251
0.0224862
0.0254977
0.0198335
0.0143682
0.0119778
0.0156085
0.0167942
0.0171723
0.0199225
0.024471
0.0218307
0.0162287
0.0114775
0.0137964
0.0161282
0.0164634
0.0179106
0.0217715
0.0236243
0.0181487
0.0130594
0.0116259
0.0149651
0.0160383
0.0165478
0.0193251
0.0234833
0.0200684
0.0148159
0.0104288
