1
0.441984
0.364591
0.314528
0.261191
0.236004
0.237013
0.219745
0.209842
0.286557
0.351634
0.229254
0.167755
0.148381
0.143362
0.148167
0.150586
0.14673
0.167574
0.228902
0.252521
0.191932
0.134882
0.113142
0.109163
0.116491
0.119221
0.123707
0.151945
0.194714
0.207108
0.167761
0.124437
0.0989925
0.0911743
0.0983057
0.102337
0.111874
0.137114
0.168521
0.176106
0.144631
0.110533
0.0876617
0.0774463
0.0834833
0.0891555
0.0994025
0.119957
0.144551
0.149237
0.122659
0.095147
0.0757395
0.0650753
0.070288
0.077259
0.0871996
0.104312
0.124309
0.127005
0.104705
0.0819408
0.0652931
0.0547373
0.0593832
0.0672012
0.0768046
0.0914917
0.108051
0.109428
0.0906607
0.0713638
0.0567459
0.0464324
0.0506431
0.0589381
0.0682581
0.0811822
0.0950614
0.0955866
0.0796435
0.0629397
0.0498198
0.0397896
0.0436409
0.0521527
0.0612203
0.0728172
0.0845713
0.0845541
0.0708593
0.0561442
0.0441606
0.0344315
0.0379737
0.0465299
0.0553549
0.0659164
0.0759718
0.0756143
0.0637197
0.0505679
0.0394764
0.0300565
0.0333271
0.0418166
0.0503981
0.060123
0.0688115
0.0682462
0.0578072
0.0459131
0.0355466
0.0264377
0.0294672
0.0378193
0.0461534
0.0551798
0.0627606
0.0620746
0.0528262
0.0419656
0.0322074
0.023407
0.0262212
0.0343923
0.0424748
0.050901
0.057577
0.0568279
0.0485645
0.0385704
0.0293367
0.0208398
0.023461
0.0314249
0.039253
0.0471514
0.0530814
0.0523071
0.0448685
0.0356141
0.026843
0.0186425
0.0210907
0.0288321
0.036405
0.0438305
0.0491395
0.0483648
0.0416247
0.033012
0.0246567
0.0167449
0.0190373
0.0265485
0.0338668
0.0408629
0.0456494
0.0448903
0.0387482
0.0307004
0.0227243
0.015093
0.0172446
0.0245226
0.0315885
0.0381905
0.0425331
0.0417995
0.0361746
0.0286301
0.0210042
0.013645
0.0156691
0.0227137
0.0295305
0.0357682
0.0397299
0.0390275
0.0338542
0.026763
0.0194636
0.0123684
