1
0.433529
0.354282
0.473987
0.269735
0.245148
0.286692
0.210486
0.190733
0.210231
0.190433
0.15448
0.171847
0.221093
0.145522
0.149859
0.251206
0.13372
0.135578
0.2567
0.124159
0.125181
0.233572
0.12126
0.116361
0.198764
0.130089
0.106923
0.166192
0.146561
0.0953499
0.139818
0.163428
0.0940004
0.119722
0.175847
0.09262
0.105115
0.17968
0.0932565
0.0947285
0.171178
0.0974682
0.086697
0.152584
0.104481
0.0789441
0.13156
0.112788
0.0699945
0.112462
0.121137
0.0678388
0.0965405
0.128324
0.0688351
0.0838998
0.131956
0.070712
0.0740289
0.127792
0.0740715
0.0659008
0.11596
0.0788396
0.0583187
0.101702
0.0845655
0.0504059
0.0882734
0.0906743
0.0481766
0.0766377
0.096347
0.0507689
0.0668802
0.0998272
0.0536175
0.0586815
0.098346
0.0570896
0.0514767
0.0913816
0.0612783
0.0446586
0.081733
0.066048
0.0377753
0.0719331
0.0710881
0.0349286
0.062998
0.0757964
0.0382996
0.0551169
0.0789207
0.0416731
0.0481328
0.0787158
0.0452769
0.0417438
0.0746023
0.0492148
0.0356321
0.0679568
0.0534537
0.0295541
0.0605511
0.0578039
0.0258296
0.0533776
0.0618114
0.0294857
0.0467474
0.0645845
0.0330577
0.0406415
0.0649845
0.0366855
0.034914
0.0625196
0.0404455
0.0293957
0.0578481
0.044327
0.0239509
0.0521281
0.0481913
0.0193189
0.0462196
0.0516875
0.0230081
0.04051
0.05417
0.026595
0.0350878
0.054867
0.0301617
0.0299087
0.053389
0.0337546
0.0248904
0.0500423
0.0373593
0.01996
0.0455623
0.0408591
0.0150801
0.0406338
0.0439737
0.0180829
0.0356619
0.0462255
0.0215852
0.0308076
0.0470725
0.0250378
0.0260984
0.0462123
0.0284615
0.0215098
0.0437795
0.0318311
0.0170108
0.0402368
0.0350405
0.0125928
0.0361033
0.0378596
0.0142391
0.0317564
0.0399268
0.017602
0.0273971
0.0408497
0.0209102
0.0231031
0.0403941
0.0241618
0.0188924
0.0386099
0.027321
