1
0.431348
0.348138
0.468483
0.264331
0.240073
0.282801
0.206098
0.185514
0.206955
0.189885
0.152071
0.168824
0.220435
0.143981
0.146984
0.249235
0.132574
0.132837
0.253144
0.123259
0.122537
0.230027
0.120726
0.113664
0.196008
0.129724
0.103991
0.163971
0.145952
0.0924876
0.137854
0.162265
0.0927983
0.117872
0.17392
0.0917678
0.103294
0.177026
0.0926265
0.0928433
0.168315
0.0968878
0.0846235
0.150073
0.103832
0.076592
0.12945
0.112006
0.0673764
0.110656
0.120162
0.0667484
0.0949452
0.127034
0.0680966
0.0824113
0.130162
0.0702286
0.0725149
0.125706
0.073722
0.0642355
0.114093
0.0785227
0.0564419
0.100145
0.0842069
0.0483397
0.0869395
0.0901995
0.0473455
0.0754327
0.0956302
0.0502084
0.0657082
0.0987
0.0532762
0.0574444
0.0968983
0.0568905
0.0501003
0.0899731
0.0611414
0.0431168
0.0805191
0.0659016
0.0360899
0.070871
0.0708536
0.0342713
0.0620067
0.0753568
0.0378392
0.054118
0.0781475
0.0413855
0.0470598
0.0776497
0.0451166
0.040554
0.0734765
0.0491252
0.0343146
0.0669306
0.0533726
0.028127
0.0596267
0.0576547
0.0252829
0.0524954
0.0614898
0.0290826
0.0458458
0.0639908
0.0327877
0.0396734
0.0641357
0.0365214
0.0338526
0.0615665
0.0403473
0.0282361
0.0569271
0.0442426
0.0227079
0.051271
0.0480512
0.0188478
0.0453921
0.0514013
0.0226414
0.0396657
0.0536593
0.0263295
0.0341908
0.0541363
0.0299806
0.0289399
0.0525381
0.0336283
0.023847
0.0491808
0.0372441
0.0188546
0.0447364
0.0406937
0.0140775
0.0398318
0.0436817
0.0177434
0.0348514
0.0457446
0.021321
0.0299604
0.0464016
0.0248384
0.0251989
0.0454197
0.0283036
0.0205556
0.0429515
0.0316774
0.0160131
0.0394244
0.0348376
0.0115769
0.0353115
0.0375439
0.0139244
0.0309657
0.0394487
0.0173409
0.0265855
0.040206
0.020696
