1
0.434465
0.355322
0.476303
0.270684
0.246037
0.28817
0.211285
0.19153
0.211265
0.191458
0.155306
0.172629
0.22218
0.146227
0.150503
0.252282
0.134348
0.136146
0.257807
0.124752
0.1257
0.234626
0.121895
0.116855
0.199695
0.130796
0.107412
0.166999
0.147291
0.0958458
0.140506
0.164146
0.0944708
0.120294
0.176555
0.0930647
0.105582
0.180394
0.0936958
0.095108
0.17183
0.0978954
0.087014
0.153103
0.104882
0.0792185
0.131969
0.113157
0.0702369
0.112792
0.121481
0.0680896
0.0968104
0.128659
0.0690673
0.0841217
0.132294
0.0709314
0.0742117
0.12811
0.0742795
0.0660538
0.116221
0.0790365
0.0584498
0.101911
0.0847529
0.0505206
0.0884463
0.0908549
0.0483084
0.076783
0.096527
0.0508963
0.0670033
0.100011
0.0537417
0.0587858
0.0985271
0.0572109
0.0515658
0.0915417
0.0613963
0.0447358
0.0818668
0.0661633
0.0378428
0.0720453
0.0712023
0.0350086
0.0630936
0.0759117
0.03838
0.0551991
0.0790397
0.0417538
0.0482035
0.0788357
0.0453577
0.0418047
0.0747138
0.0492952
0.035685
0.0680538
0.0535339
0.0296004
0.0606339
0.0578844
0.0258831
0.0534485
0.0618937
0.029541
0.0468086
0.0646698
0.0331147
0.0406945
0.0650717
0.0367436
0.03496
0.0626033
0.0405045
0.0294357
0.0579235
0.0443866
0.0239858
0.0521937
0.048252
0.0193565
0.0462762
0.05175
0.0230482
0.040559
0.0542352
0.0266371
0.0351302
0.0549341
0.0302053
0.0299456
0.0534548
0.0337995
0.0249225
0.0501032
0.0374054
0.0199879
0.0456163
0.0409065
0.0151043
0.0406809
0.0440229
0.0181127
0.0357027
0.0462771
0.0216171
0.030843
0.0471261
0.0250714
0.0261293
0.0462658
0.0284966
0.0215366
0.04383
0.0318676
0.0170341
0.0402825
0.0350784
0.0126129
0.0361435
0.0378994
0.0142614
0.0317916
0.0399689
0.0176266
0.0274276
0.0408936
0.0209365
0.0231297
0.0404384
0.0241897
0.0189154
0.0386525
0.0273503
