1
0.501078
0.499929
0.482018
0.443821
0.404685
0.347614
0.343804
0.322723
0.401121
0.541291
0.356452
0.259697
0.249479
0.240454
0.23266
0.220538
0.21345
0.229615
0.324537
0.383851
0.288757
0.207232
0.18521
0.182847
0.178592
0.175282
0.171878
0.212895
0.278802
0.314207
0.25016
0.190949
0.154577
0.15457
0.151088
0.146871
0.149992
0.186468
0.232161
0.252345
0.200825
0.152707
0.120535
0.122757
0.119546
0.116272
0.120177
0.149043
0.18541
0.199458
0.158868
0.121193
0.0971951
0.10102
0.098666
0.0962125
0.100415
0.124244
0.154394
0.164427
0.130993
0.100123
0.0813803
0.0859372
0.0841108
0.0821591
0.0863927
0.106624
0.132324
0.139528
0.111147
0.0850544
0.0698563
0.0748431
0.0733883
0.0717742
0.0759189
0.0934566
0.115814
0.12093
0.0963028
0.0737499
0.0610943
0.0663257
0.0651646
0.0637927
0.0677955
0.0832438
0.103001
0.106516
0.0847875
0.0649582
0.0542149
0.059569
0.0586596
0.0574712
0.0613091
0.075092
0.0927692
0.0950238
0.0755996
0.0579278
0.0486731
0.0540701
0.0533868
0.0523426
0.0560096
0.068434
0.0844103
0.085652
0.0681028
0.0521808
0.0441165
0.049502
0.0490266
0.0481001
0.0515977
0.0628938
0.0774545
0.0778665
0.0618722
0.0473969
0.0403059
0.0456429
0.0453616
0.0445334
0.0478673
0.0582117
0.0715759
0.0712999
0.0566145
0.0433544
0.0370735
0.0423374
0.042237
0.0414935
0.0446714
0.0542028
0.066542
0.0656892
0.0521214
0.0398947
0.0342981
0.0394726
0.0395411
0.0388722
0.0419026
0.0507316
0.0621833
0.0608419
0.0482386
0.036902
0.0318901
0.0369649
0.0371902
0.0365889
0.0394803
0.0476965
0.0583713
0.0566137
0.0448511
0.0342884
0.0297821
0.0347508
0.0351212
0.0345825
0.0373433
0.0450201
0.0550087
0.0528947
0.0418716
0.0319872
0.0279217
0.0327814
0.0332855
0.0328056
0.0354436
0.0426426
0.052019
0.0495996
0.0392311
0.0299463
0.0262682
0.0310175
0.0316444
0.0312211
0.033744
0.0405163
0.0493423
0.0466608
0.0368761
0.0281249
0.0247892
0.0294289
0.0301679
0.0297993
0.0322142
0.0386032
0.04693
0.0440243
0.0347635
0.0264898
0.0234589
0.0279904
0.0288314
0.0285164
0.0308299
0.0368732
0.0447434
0.0416465
0.0328585
0.0250145
0.0222561
0.0266815
0.0276152
0.0273529
0.0295713
0.0353008
0.0427501
0.0394921
0.0311323
0.0236771
0.0211637
0.0254856
0.026503
0.0262929
0.0284218
0.0338655
0.040924
0.0375314
0.0295615
0.0224596
0.0201673
0.0243886
0.0254814
0.025323
0.027368
0.0325501
0.0392432
0.03574
0.0281265
0.021347
0.0192548
0.0233787
0.0245394
0.0244321
0.0263983
0.0313401
0.0376895
0.0340975
0.026811
0.0203267
0.0184162
0.022446
0.0236675
0.0236108
0.025503
0.0302233
0.0362477
0.0325863
0.0256009
0.019388
0.017643
0.021582
0.0228578
0.022851
0.0246738
0.0291893
0.034905
0.0311918
0.0244845
0.0185218
0.016928
0.0207793
0.0221036
0.0221459
0.0239036
0.0282294
0.0336507
0.0299014
0.0234515
0.0177202
0.0162648
0.0200316
0.021399
0.0214897
0.0231865
0.0273356
0.0324755
0.028704
0.0224934
0.0169767
0.0156482
0.0193336
0.020739
0.0208772
0.0225169
0.0265014
0.0313718
0.0275904
0.0216025
0.0162852
0.0150734
0.0186805
0.0201195
0.0203041
0.0218903
0.025721
0.0303329
0.0265522
0.0207722
0.0156409
0.0145363
0.018068
0.0195366
0.0197664
0.0213028
0.0249893
0.029353
0.0255824
0.0199967
0.0150392
0.0140335
0.0174925
0.018987
0.0192608
0.0207506
0.024302
0.0284272
0.0246747
0.0192711
0.0144762
0.0135617
0.0169508
0.0184679
0.0187843
0.0202308
0.023655
0.0275513
0.0238233
0.0185909
0.0139486
0.0131183
0.01644
0.0179766
0.0183344
0.0197405
0.0230448
0.0267212
0.0230235
0.0179521
0.0134531
0.0127007
0.0159575
0.0175108
0.0179086
0.0192772
0.0224683
0.0259336
0.0222709
0.0173512
0.0129872
0.0123068
0.0155011
0.0170687
0.017505
0.0188387
0.0219229
0.0251855
0.0215617
0.0167851
0.0125484
0.0119346
0.0150687
0.0166483
0.0171216
0.0184231
0.021406
0.0244743
0.0208923
0.016251
0.0121346
0.0115825
0.0146584
0.0162481
0.016757
0.0180286
0.0209154
0.0237972
0.0202595
0.0157465
0.0117438
