0.262707
1.03857
0.876416
0.484329
0.663931
0.603024
0.267497
0.513516
0.462353
0.186622
0.435452
0.333975
0.225885
0.380434
0.227421
0.255599
0.31739
0.144485
0.274891
0.245722
0.132595
0.27725
0.178866
0.158075
0.243431
0.121567
0.176618
0.193603
0.0779195
0.189161
0.145732
0.0984486
0.186626
0.10326
0.115677
0.1589
0.0663305
0.129787
0.123675
0.0592807
0.137833
0.090605
0.075475
0.130049
0.0609863
0.0896029
0.107495
0.0347437
0.1005
0.0816792
0.0475225
0.103128
0.0572847
0.0611204
0.0928024
0.0351239
0.0726379
0.0744596
0.0273324
0.0795777
0.0545591
0.0401336
0.0777706
0.0356219
0.0515113
0.0670993
0.0184176
0.0600813
0.0519767
0.0242982
0.0630681
0.0360465
0.0351754
0.058715
0.0209188
0.0442316
0.0486665
0.0123801
