1
0.500163
0.492028
0.634468
0.420312
0.355559
0.383583
0.330018
0.308394
0.292627
0.28843
0.265617
0.254255
0.328777
0.235893
0.211568
0.367635
0.214239
0.193374
0.389829
0.197561
0.17923
0.328455
0.185735
0.179342
0.270764
0.193837
0.170251
0.225505
0.216802
0.16151
0.189921
0.239545
0.153901
0.162441
0.257248
0.146049
0.140283
0.266122
0.138028
0.128876
0.234678
0.136385
0.123563
0.195511
0.141685
0.116046
0.161983
0.149937
0.108942
0.1337
0.158777
0.102611
0.110775
0.167322
0.0971038
0.0938996
0.175168
0.0934931
0.083713
0.159754
0.0940239
0.0842475
0.136158
0.098767
0.0818251
0.115269
0.105802
0.0784595
0.0970802
0.113624
0.0751513
0.0818488
0.121496
0.0722564
0.070109
0.128952
0.0706224
0.0622827
0.121048
0.0716385
0.0627163
0.104555
0.0755331
0.0627321
0.0896287
0.0812831
0.0612574
0.0763861
0.0878741
0.0593497
0.065057
0.0947059
0.0576235
0.0560331
0.101318
0.0568022
0.0496811
0.0974775
0.0578435
0.0490492
0.08501
0.061016
0.0503429
0.0734819
0.0657363
0.0500768
0.0631227
0.0712882
0.0490538
0.0541205
0.077181
0.0479814
0.0467671
0.0829825
0.0475519
0.0413612
0.0815553
0.0485019
0.0395888
0.0717614
0.0511069
0.0415611
0.0624077
0.0550276
0.0421095
0.0539206
0.0597445
0.0417512
0.0464532
0.0648529
0.0411328
0.0402288
0.0699567
0.0409267
0.0354899
0.0700016
0.0417646
0.0326539
0.0622062
0.0439263
0.0349782
0.0543588
0.0472212
0.0360721
0.0471779
0.0512667
0.0362368
0.0407948
0.0557273
0.0359871
0.0353849
0.0602436
0.0359418
0.0311456
0.0611782
0.0366795
0.0281836
0.0549943
0.0384923
0.0298495
0.0482568
0.0412902
0.031302
0.0420362
0.0447903
0.0318743
0.0364582
0.048713
0.0319434
0.0316639
0.0527346
0.0320418
0.0278156
0.0541895
0.032705
0.0250223
0.0493538
0.0342425
0.0257385
0.0434797
0.0366397
0.0274208
0.037994
0.0396909
0.0283035
0.0330367
0.0431627
0.0286483
0.0287246
0.0467651
0.0288889
0.0251921
0.0485065
0.0295087
0.0225421
0.0448106
0.0308307
0.0223697
0.0396434
0.0329015
0.0241936
0.034739
0.0355787
0.0253072
0.0302748
0.0386686
0.0258854
0.0263506
0.0419126
0.0262672
0.0230794
0.0437939
0.0268742
0.0205544
0.0410571
0.0280312
0.0195595
0.0364972
0.0298351
0.0214647
0.0320661
0.0321978
0.0227462
0.028003
0.0349612
0.0235169
0.0243983
0.0378959
0.0240344
0.0213476
0.0398257
0.0246545
0.0189336
0.037887
0.0256901
0.0171805
0.0338703
0.0272763
0.019126
0.0298353
0.0293728
0.0205263
0.0261054
0.0318549
0.021452
0.0227686
0.0345204
0.0220949
0.0199067
0.0364425
0.0227474
0.0175929
0.0351576
0.0236986
0.0158409
0.0316418
0.0251089
0.0170991
0.0279477
0.0269798
0.0185809
0.0244996
0.029218
0.0196286
0.0213908
0.0316476
0.0203832
0.0186929
0.0335279
0.0210801
0.01647
0.0327701
0.0219775
0.0147399
0.0297235
0.0232481
0.0153257
0.026331
0.0249281
0.0168607
0.0231253
0.0269541
0.0180024
0.0202133
0.0291758
0.0188534
0.0176595
0.030994
0.0196006
0.0155198
0.0306543
0.0204683
0.013814
0.0280495
0.0216304
0.0137613
0.0249312
0.0231499
0.0153281
0.0219377
0.0249912
0.0165405
0.0191975
0.0270287
0.0174727
0.0167713
0.0287737
0.0182713
0.0147085
0.0287603
0.0191272
0.0130289
0.0265695
0.0202074
0.0123713
0.023707
0.0215933
0.0139538
0.0209023
0.0232741
0.0152181
0.018314
0.0251481
0.0162169
0.0160019
0.0268144
0.0170648
0.0140103
0.0270517
0.0179216
0.0123584
0.0252448
0.0189417
0.0111283
0.0226261
0.0202176
0.0127146
0.0199925
0.0217595
0.0140153
0.0175398
0.0234884
0.0150676
0.0153306
0.0250746
0.0159606
0.0134052
0.0255011
0.0168265
0.0117821
0.0240455
0.0178042
0.010434
0.0216627
0.018991
0.0115916
0.0191871
0.0204134
0.0129164
0.0168569
0.0220137
0.0140107
