0.304951
1.09919
1.01501
0.714836
0.753512
0.67646
0.420622
0.572847
0.537411
0.265532
0.480292
0.449253
0.237491
0.421933
0.341158
0.265496
0.38093
0.247248
0.287723
0.340537
0.174148
0.30583
0.27625
0.176034
0.310962
0.212617
0.20524
0.279913
0.158293
0.227407
0.23152
0.133898
0.243259
0.183582
0.155608
0.238375
0.141239
0.172324
0.199333
0.104462
0.185562
0.161575
0.115326
0.196258
0.127672
0.130107
0.176392
0.097605
0.142809
0.145647
0.0849382
0.153861
0.117635
0.0987808
0.158529
0.0923526
0.111078
0.1339
0.0695662
0.122107
0.110119
0.0750822
0.13196
0.0883647
0.0868907
0.124941
0.068501
0.0976279
0.10436
0.0566727
0.107439
0.0852878
0.0679137
0.114475
0.067673
0.0782597
0.0998169
0.0514025
0.0878157
0.0828481
0.0526665
0.0965961
0.0670411
0.0625739
0.0957677
0.0523252
0.071793
0.0808884
0.0401649
0.0803859
0.0665562
0.049622
0.0874263
0.0531171
0.0584806
0.0792274
0.0405033
0.0667913
0.0661743
0.038754
0.0745448
0.0538115
0.0472474
0.0767253
0.042154
0.0552576
0.0658666
0.0311467
0.0628185
0.0544317
0.037647
0.0693599
0.0435929
0.0453563
0.0654058
0.0333142
0.0526669
0.0549865
0.0293512
0.0595551
0.0448615
0.0367657
0.0630552
0.0352223
0.0438225
0.0554416
0.0260404
0.0505403
0.0459908
0.0292462
0.0565232
0.0369173
0.036057
0.0553353
0.0282471
0.0425637
0.04699
0.0226113
0.0487326
0.0384337
0.0291829
0.0527142
0.0302225
0.0354783
0.0477546
0.0223511
0.0415068
0.0397959
0.0230549
0.0469705
0.0320023
0.0291469
0.0475196
0.0245094
0.0350002
0.0409876
0.0175638
0.0405759
0.0336127
0.0234599
0.0446423
0.026466
0.0291365
0.0417731
0.0195798
0.0345964
0.0350665
0.0183201
0.0396049
0.0282488
0.0238283
0.0411853
0.0216533
0.0291421
0.0362931
0.0152856
0.0342229
0.029877
0.0190021
0.038204
0.0235553
0.0241675
0.0369026
0.0174357
0.0291536
0.0313348
0.0145964
0.0337653
0.0253018
0.0196189
0.035925
0.0194152
0.0244807
0.03248
0.0137097
0.0291438
0.0268984
0.0154438
0.0329688
0.0212429
0.0201811
0.0327937
0.0157382
0.0247649
0.0282976
0.0115988
0.0290334
0.0229313
0.0162141
0.0314934
0.0176209
0.0206943
0.02927
0.0124541
0.0250001
0.0244655
0.0125452
