0.0293645
0.427339
0.381621
0.333997
0.20654
0.284699
0.263156
0.187936
0.146099
0.219987
0.210839
0.13611
0.107424
0.179233
0.180726
0.115804
0.0803445
0.147949
0.160187
0.106531
0.0598975
0.122384
0.143764
0.101665
0.043706
0.100994
0.128796
0.098231
0.038791
0.0828677
0.114445
0.0949127
0.0421404
0.0673743
0.100703
0.0912337
0.0444383
0.0540528
0.087765
0.0870084
0.0459823
0.042552
0.0757926
0.0821447
0.0469948
0.0325987
0.0648578
0.0766423
0.0476111
0.023985
0.0549576
0.070616
0.0478895
0.0165656
0.0460403
0.0642627
0.0478234
0.0181033
0.0380321
0.0578003
0.0473594
0.019958
0.0308534
0.0514172
0.046426
0.0216272
0.0244308
0.0452517
0.0449742
0.0231037
