0.0301682
0.444863
0.445123
0.442673
0.41316
0.393141
0.364591
0.239863
0.309313
0.302629
0.287835
0.163076
0.246282
0.254219
0.245066
0.133595
0.20313
0.223588
0.217091
0.120004
0.170615
0.202043
0.197057
0.113243
0.144907
0.185623
0.181733
0.109842
0.123953
0.170838
0.1696
0.108276
0.106472
0.154993
0.159683
0.107776
0.0915964
0.138623
0.151392
0.107926
0.0787646
0.123063
0.144034
0.108421
0.0675383
0.108873
0.136213
0.109039
0.0669848
0.0961212
0.126656
0.109405
0.0704372
0.0846966
0.115957
0.109287
0.0729176
0.0744401
0.105115
0.108609
0.0745274
0.0652279
0.0947999
0.107546
0.075481
0.0569343
0.0852362
0.105958
0.07597
0.0494617
0.0764785
0.100237
0.0761741
0.0482727
0.0684864
0.0921852
0.0761916
0.049684
0.0612077
0.084379
0.0761111
0.0508631
0.0545598
0.0770218
0.075947
0.0518728
0.0484834
0.0701892
0.0757633
0.0527446
0.042915
0.0638555
0.0755372
0.0535176
0.0377945
0.0579911
0.074878
0.0542076
0.0334795
0.0525598
0.0710639
0.0548209
0.034886
0.0475248
0.065679
0.0553873
0.0361833
0.0428433
0.0604843
0.0558905
0.03738
0.038488
0.0556173
0.056363
0.0384902
0.0344243
0.0510468
0.0567919
0.0395212
0.0306255
0.0467666
0.0571399
0.0404865
0.0270706
0.0427421
0.0566242
0.0413855
0.025434
0.038964
0.0536942
0.0422358
0.0267528
0.0354028
0.0498883
0.0430241
0.027996
0.03205
0.0461824
0.0437758
0.0291689
0.0288825
0.0426607
0.0444774
0.0302754
0.0258884
0.0393277
0.0451337
0.0313252
0.0230554
0.036163
0.0455679
0.0323185
0.0203664
0.0331618
0.0448649
0.0332653
0.020297
0.0303085
0.0424777
0.0341586
0.0215117
0.0275971
0.0396096
0.0350166
0.0226669
0.0250135
0.0367748
0.0358247
0.0237684
0.0225521
0.0340665
0.0365984
0.0248212
0.0202041
0.0314696
0.0372774
0.0258242
0.0179591
0.0289942
0.0375744
0.0267877
0.0158167
0.0266195
0.0366876
0.0277046
0.0167861
0.0243504
0.0347028
0.0285894
0.0178923
0.0221741
0.0324172
0.0294306
0.0189556
0.0200888
0.0301565
0.0302425
0.0199762
0.0180871
0.027965
0.0309952
0.0209559
0.0161629
0.0258631
0.0316044
0.0219006
0.0143159
0.0238352
0.0316645
0.0228061
0.0132
0.0218881
0.030701
0.0236827
0.0142479
0.0200106
0.0290088
0.0245219
0.0152611
0.0182038
0.0271299
0.0253355
0.0162368
0.0164608
0.025251
0.0261054
0.0171789
0.0147784
0.0234306
0.0268055
0.0180896
0.0131561
0.021664
0.0272657
0.0189677
0.0115857
0.0199619
0.0271131
0.0198197
0.011381
0.0183128
0.0261331
0.0206399
0.0123412
0.0167201
0.0246756
0.0214373
0.0132681
0.0151773
0.0230788
0.0221999
0.0141674
