1
0.50466
0.500807
0.48123
0.442502
0.40323
0.349569
0.3424
0.321371
0.401378
0.539421
0.354612
0.258589
0.248447
0.239465
0.231721
0.22064
0.213511
0.229447
0.324065
0.382563
0.287456
0.206031
0.184466
0.182806
0.178524
0.174584
0.171751
0.212472
0.278271
0.313173
0.249113
0.189924
0.153884
0.154512
0.151225
0.147123
0.150391
0.18689
0.232524
0.252055
0.20053
0.152411
0.120551
0.122967
0.119751
0.11646
0.120431
0.149307
0.185648
0.199224
0.158631
0.120957
0.097445
0.101156
0.0987968
0.0963408
0.100595
0.124417
0.154554
0.164236
0.1308
0.099929
0.0815655
0.0860339
0.084205
0.0822489
0.0865242
0.106752
0.132443
0.139367
0.110983
0.0848897
0.0699989
0.0749151
0.0734559
0.0718397
0.076018
0.0935558
0.115905
0.120791
0.0961614
0.0736097
0.0612095
0.0663812
0.0652146
0.0638433
0.0678731
0.0833214
0.103071
0.106393
0.084666
0.064839
0.0543081
0.0596134
0.0586958
0.0575101
0.0613708
0.075153
0.0928235
0.0949181
0.0754933
0.0578232
0.0487506
0.0541053
0.0534131
0.0523718
0.0560586
0.068483
0.0844526
0.0855579
0.0680074
0.052089
0.0441819
0.0495318
0.049046
0.0481232
0.0516367
0.0629336
0.0774894
0.0777826
0.0617883
0.0473159
0.0403618
0.0456681
0.0453744
0.0445503
0.047899
0.0582441
0.0716042
0.0712248
0.0565392
0.0432814
0.0371214
0.0423579
0.0422455
0.041506
0.0446972
0.0542289
0.0665647
0.0656218
0.052053
0.0398303
0.0343396
0.03949
0.0395461
0.0388811
0.0419232
0.0507522
0.0622004
0.0607811
0.0481768
0.0368439
0.0319259
0.0369798
0.0371921
0.0365945
0.0394962
0.0477127
0.0583845
0.0565583
0.0447956
0.034236
0.029813
0.0347632
0.0351204
0.0345856
0.037356
0.0450334
0.0550187
0.0528444
0.0418212
0.0319398
0.0279482
0.0327912
0.0332825
0.0328062
0.0354534
0.042653
0.0520259
0.0495536
0.039185
0.0299033
0.026291
0.0310257
0.0316399
0.0312197
0.0337505
0.040524
0.0493458
0.0466187
0.0368341
0.0280852
0.0248091
0.0294354
0.0301618
0.0297961
0.0322187
0.0386088
0.0469314
0.0439853
0.0347249
0.026454
0.0234762
0.0279954
0.0288245
0.0285117
0.0308325
0.0368764
0.0447424
0.0416109
0.032823
0.0249815
0.0222712
0.0266852
0.0276072
0.0273471
0.0295717
0.0353023
0.0427469
0.0394593
0.0310994
0.0236472
0.0211766
0.025488
0.0264941
0.0262856
0.028421
0.0338657
0.0409191
0.0375011
0.0295312
0.022432
0.0201783
0.0243897
0.0254719
0.0253148
0.0273659
0.0325489
0.0392367
0.035712
0.0280986
0.0213216
0.019264
0.0233789
0.0245295
0.0244228
0.0263947
0.0313378
0.0376814
0.0340715
0.0267852
0.0203035
0.0184239
0.0224453
0.0236569
0.0236009
0.0254983
0.0302198
0.0362384
0.0325621
0.025577
0.0193666
0.0176493
0.0215805
0.0228468
0.0228402
0.0246683
0.0291849
0.0348948
0.0311693
0.0244624
0.0185021
0.016933
0.0207771
0.0220923
0.0221345
0.0238971
0.0282238
0.0336396
0.0298802
0.0234309
0.0177021
0.0162687
0.0200288
0.0213872
0.0214776
0.0231789
0.0273293
0.0324641
0.0286845
0.0224741
0.01696
0.015651
0.0193301
0.0207271
0.0208648
0.0225088
0.0264945
0.03136
0.0275723
0.0215847
0.0162698
0.0150752
0.0186764
0.0201075
0.020291
0.0218815
0.0257135
0.0303207
0.0265352
0.0207556
0.0156266
0.0145373
0.0180633
0.0195243
0.019753
0.0212933
0.0249813
0.0293409
0.0255666
0.0199813
0.015026
0.0140336
0.0174873
0.0189746
0.0192471
0.0207406
0.0242933
0.0284151
0.0246598
0.0192567
0.0144641
0.0135612
0.0169452
0.0184552
0.0187703
0.0202203
0.0236458
0.027539
0.0238095
0.0185774
0.0139373
0.013117
0.0164339
0.0179638
0.0183201
0.0197295
0.023035
0.026709
0.0230105
0.0179394
0.0134427
0.0126988
0.015951
0.0174979
0.0178941
0.0192657
0.0224582
0.0259217
0.0222588
0.0173395
0.0129777
0.0123043
0.0154942
0.0170557
0.0174902
0.0188269
0.0219123
0.0251739
0.0215501
0.0167741
0.0125395
0.0119317
0.0150614
0.0166353
0.0171067
0.018411
0.021395
0.0244628
0.0208815
0.0162407
0.0121265
0.011579
0.0146509
0.0162349
0.0167419
0.0180161
0.0209041
0.0237862
0.0202495
0.0157369
0.0117362
