1
0.500222
0.496247
0.666444
0.430577
0.374444
0.404816
0.3372
0.315933
0.298637
0.292142
0.270754
0.259167
0.334711
0.240238
0.222453
0.374457
0.21805
0.203368
0.399401
0.200987
0.188503
0.342914
0.188311
0.18329
0.283671
0.19649
0.173101
0.236922
0.220896
0.164167
0.199801
0.244342
0.156385
0.170342
0.26088
0.147185
0.14468
0.26769
0.137234
0.130478
0.24029
0.134483
0.123404
0.20054
0.139973
0.115345
0.166502
0.148689
0.108113
0.137627
0.157876
0.101707
0.114048
0.166649
0.0960376
0.0967695
0.174772
0.0918468
0.086516
0.164493
0.0918689
0.0842059
0.14059
0.0967634
0.0809645
0.119332
0.104187
0.0773522
0.100697
0.112349
0.0739768
0.0849818
0.120472
0.070933
0.0729053
0.128257
0.0688648
0.0651629
0.125308
0.069506
0.0628936
0.108572
0.0734762
0.062038
0.0933422
0.0795305
0.0601006
0.0797423
0.0864276
0.0580459
0.0680344
0.0935037
0.0561695
0.0587289
0.100454
0.0550093
0.0523805
0.101256
0.0557551
0.0493457
0.0886964
0.0589592
0.0498784
0.0769119
0.0639211
0.0490159
0.0662587
0.0697454
0.0477137
0.0569493
0.075871
0.0464615
0.0493565
0.0820051
0.0457529
0.0439152
0.0847205
0.0464598
0.0406762
0.075177
0.0490694
0.0412924
0.0656024
0.0531837
0.0412171
0.0568674
0.058143
0.0404564
0.0491439
0.063472
0.0395958
0.0427138
0.0688961
0.0391373
0.0379198
0.0724366
0.0397667
0.0348984
0.0653935
0.0419152
0.0348518
0.0573531
0.0453665
0.0353622
0.0499594
0.0496279
0.0350481
0.0433583
0.054297
0.0344793
0.0377693
0.0591194
0.0341767
0.033466
0.0628904
0.0347239
0.0306113
0.0579807
0.0365105
0.02982
0.0510769
0.0394351
0.0307574
0.0446708
0.0431279
0.030825
0.0389043
0.0472476
0.0305067
0.0339523
0.0515599
0.0303192
0.0300369
0.0552787
0.0307928
0.0273214
0.0521492
0.0322914
0.0257722
0.0461459
0.0347906
0.0270135
0.0404963
0.038014
0.0274028
0.0353739
0.0416718
0.0273152
0.0309219
0.0455497
0.0272298
0.0273223
0.0490973
0.0276449
0.0247288
0.047405
0.0289121
0.0231201
0.042172
0.0310632
0.0238952
0.0371209
0.033894
0.0245486
0.0325105
0.0371593
0.024675
0.0284615
0.0406638
0.0246925
0.025125
0.0439982
0.0250676
0.0226414
0.0434228
0.0261484
0.021029
0.0389009
0.0280111
0.0212509
0.0343377
0.0305101
0.0221152
0.0301441
0.0334388
0.0224366
0.026427
0.0366195
0.0225615
0.023314
0.0397328
0.0229169
0.0209307
0.039987
0.0238487
0.0193176
0.0361581
0.0254705
0.0189769
0.0320053
0.0276863
0.0200057
0.0281577
0.0303233
0.0204999
0.0247192
0.0332211
0.0207353
0.0217987
0.0361203
0.0210911
0.0195078
0.0369597
0.021906
0.0178982
0.0338183
0.0233261
0.0169994
0.0300236
0.0252982
0.0181537
0.0264683
0.0276807
0.0187971
0.0232671
0.0303291
0.0191422
0.0205144
0.0330272
0.019516
0.0183091
0.034256
0.0202428
0.0167075
0.0317879
0.021494
0.0156397
0.0283192
0.0232554
0.0165115
0.0250153
0.0254142
0.0172807
0.022019
0.0278415
0.017731
0.0194141
0.0303528
0.0181371
0.0172883
0.0318237
0.0188009
0.0156986
0.0299955
0.0199119
0.0146006
0.0268372
0.0214906
0.0150437
0.0237534
0.0234517
0.0159169
0.0209359
0.0256817
0.0164647
0.0184625
0.0280209
0.0169132
0.0164107
0.029628
0.017536
0.0148363
0.0283856
0.0185321
0.0137132
0.0255348
0.0199525
0.0137232
0.0226479
0.0217383
0.0146806
0.0199883
0.0237912
0.0153165
0.0176325
0.025972
0.0158135
0.01565
0.0276425
0.0164138
0.0140937
0.026916
0.0173176
0.0129506
0.0243783
0.0186013
0.0125286
0.0216718
0.0202312
0.0135531
0.019153
0.0221247
0.0142667
0.0169034
0.0241597
0.0148147
0.0149859
0.0258448
0.0154074
0.0134498
0.0255558
0.016239
0.0122914
0.02334
0.0174055
0.0114428
0.0208035
0.0188968
0.0125197
0.0184119
0.0206462
0.0133003
0.0162588
0.0225471
0.0138992
0.0144021
0.0242147
0.0144956
0.0128879
0.0242841
0.0152728
0.0117189
0.0223971
0.0163397
0.0108129
0.0200257
0.0177081
0.0115684
0.0177504
0.019327
0.012406
0.0156855
0.0211043
0.0130536
0.0138861
0.0227341
0.0136621
0.012395
0.0230874
0.0143999
0.0112194
0.0215303
0.0153834
0.0102945
0.0193239
0.0166431
0.0106898
