1
0.507026
0.505175
0.481495
0.442651
0.403184
0.356433
0.342168
0.320978
0.411841
0.539615
0.354216
0.257997
0.247906
0.240207
0.233074
0.225327
0.218075
0.235755
0.331581
0.382879
0.287593
0.205696
0.183918
0.186812
0.182449
0.178233
0.175695
0.218037
0.284187
0.313722
0.249571
0.190116
0.155184
0.157881
0.154075
0.149599
0.152789
0.189684
0.235502
0.250144
0.198445
0.150112
0.123468
0.125387
0.122127
0.1188
0.122838
0.152076
0.188595
0.197132
0.15642
0.118587
0.100395
0.103631
0.101219
0.098711
0.103025
0.127162
0.157453
0.162077
0.128547
0.0975465
0.0845153
0.08854
0.086642
0.0846342
0.0889512
0.109449
0.135266
0.137189
0.108725
0.082525
0.0729247
0.0774439
0.075899
0.0742284
0.0784363
0.0961951
0.118668
0.118617
0.0939186
0.0712655
0.0641007
0.0689256
0.0676571
0.0662267
0.0702722
0.0859143
0.105774
0.104236
0.0824409
0.0625201
0.0571642
0.0621685
0.0611354
0.0598851
0.0637516
0.0776983
0.0954709
0.0927785
0.0732925
0.0555335
0.0515689
0.0566682
0.0558463
0.0547375
0.0584194
0.0709841
0.087049
0.0834405
0.0658352
0.0498277
0.0469631
0.0520967
0.0514725
0.050479
0.0539777
0.0653946
0.0800355
0.0756906
0.0596401
0.0450823
0.0431077
0.0482323
0.0477942
0.0468957
0.0502194
0.0606686
0.0741025
0.0691575
0.0544189
0.0410769
0.0398336
0.0449199
0.0446591
0.0438407
0.0469976
0.05662
0.0690148
0.0635794
0.0499595
0.037652
0.0370192
0.0420468
0.0419525
0.0412049
0.0442052
0.0531125
0.0646008
0.0587643
0.0461089
0.0346923
0.034575
0.0395291
0.0395925
0.038908
0.0417612
0.050044
0.0607264
0.0545663
0.0427523
0.0321111
0.0324328
0.0373033
0.0375162
0.0368882
0.0396034
0.0473368
0.0572902
0.0508774
0.0398034
0.029841
0.0305399
0.0353209
0.0356728
0.0350991
0.0376838
0.0449303
0.0542123
0.0476104
0.037192
0.0278301
0.0288557
0.0335437
0.034025
0.0335024
0.0359663
0.0427768
0.0514307
0.0447001
0.0348657
0.026037
0.0273475
0.0319411
0.0325426
0.0320696
0.0344192
0.0408383
0.0488951
0.0420911
0.0327802
0.0244301
0.0259893
0.0304881
0.0311998
0.0307759
0.033018
0.0390848
0.0465672
0.0397402
0.0309021
0.0229819
0.0247598
0.0291641
0.0299778
0.029602
0.0317439
0.0374901
0.0444175
0.037612
0.0292024
0.0216708
0.0236418
0.0279529
0.02886
0.0285324
0.0305795
0.0360335
0.0424245
0.035677
0.0276575
0.0204795
0.0226206
0.0268402
0.0278325
0.027553
0.0295113
0.0346977
0.0405702
0.033911
0.0262478
0.0193925
0.0216844
0.0258149
0.0268844
0.0266534
0.0285282
0.0334683
0.0388412
0.0322932
0.0249571
0.0183973
0.0208232
0.0248667
0.0260062
0.0258236
0.0276197
0.0323333
0.0372271
0.0308066
0.0237714
0.0174831
0.0200282
0.0239871
0.0251902
0.0250556
0.026778
0.0312817
0.0357178
0.0294367
0.0226794
0.0166412
0.0192921
0.0231688
0.0244293
0.0243429
0.0259959
0.0303044
0.0343054
0.02817
0.0216704
0.0158639
0.0186084
0.0224056
0.0237175
0.0236792
0.0252671
0.0293941
0.0329822
0.0269967
0.0207357
0.0151441
0.0179719
0.0216921
0.0230504
0.0230596
0.0245865
0.0285439
0.0317416
0.0259065
0.0198684
0.0144761
0.0173777
0.0210238
0.0224233
0.0224797
0.0239491
0.0277477
0.0305775
0.0248918
0.0190611
0.0138551
0.0168218
0.0203962
0.0218326
0.0219352
0.0233514
0.0270003
0.0294838
0.0239451
0.0183088
0.0132765
0.0163008
0.0198057
0.021275
0.0214233
0.0227892
0.0262976
0.0284555
0.0230604
0.017606
0.0127365
0.0158113
0.0192491
0.0207474
0.0209404
0.0222599
0.0256352
0.0274876
0.022232
0.0169485
0.0122316
0.0153506
0.0187235
0.0202474
0.0204844
0.0217603
0.0250095
0.0265753
0.021455
0.0163323
0.0117589
0.014916
0.0182263
0.0197728
0.0200525
0.0212881
0.0244176
0.025715
0.020725
0.0157538
0.0113155
0.0145056
0.0177554
0.0193217
0.0196429
0.020841
0.0238561
0.0249027
0.0200383
0.01521
0.0108991
0.0141172
0.0173087
0.018892
0.0192536
0.0204172
0.023323
0.0241347
0.0193913
0.0146982
0.0105077
0.0137491
0.0168843
0.0184823
0.0188829
0.0200145
0.0228155
0.0234082
0.018781
0.014216
0.0101392
