0.0571157
0.442367
0.442322
0.438557
0.403163
0.38554
0.35761
0.241146
0.300615
0.296913
0.282353
0.164571
0.238439
0.2493
0.24032
0.134845
0.19603
0.219166
0.212802
0.121014
0.164204
0.197966
0.193096
0.113991
0.139087
0.181654
0.178031
0.110388
0.118681
0.166585
0.166116
0.108638
0.101645
0.150544
0.156334
0.107951
0.0871798
0.134288
0.148166
0.107935
0.0746856
0.118973
0.140808
0.108299
0.0637665
0.105076
0.132839
0.108824
0.0668316
0.0925953
0.123227
0.109175
0.0702859
0.0814104
0.112637
0.109131
0.0728582
0.0713802
0.101981
0.108601
0.074605
0.0623529
0.0918575
0.107653
0.0757027
0.0542196
0.0824583
0.104869
0.0763223
0.0469869
0.0738406
0.0975564
0.0766346
0.0488007
0.065966
0.0895607
0.0767301
0.0502826
0.0587815
0.0818668
0.0767113
0.0515151
0.0522184
0.0746099
0.0765944
0.0525643
0.0462101
0.067865
0.0764442
0.053471
0.0407001
0.0615951
0.0761593
0.0542616
0.0356348
0.0557964
0.0741159
0.0549693
0.0342798
0.0504139
0.0689612
0.0555934
0.0356949
0.0454249
0.063526
0.056166
0.0369947
0.0407842
0.0583792
0.0566795
0.0381928
0.036465
0.053556
0.0571582
0.0393044
0.0324355
0.0490247
0.0575678
0.0403384
0.0286676
0.0447826
0.0575933
0.0413042
0.0251428
0.0407892
0.055563
0.0422015
0.0262737
0.0370404
0.0518286
0.0430513
0.0275899
0.0335058
0.0479656
0.0438389
0.02883
0.030176
0.0442829
0.0445901
0.0300008
0.0270315
0.0407849
0.0452794
0.0311042
0.0240575
0.037479
0.0458392
0.0321528
0.0212452
0.0343347
0.0456057
0.0331406
0.0198632
0.0313564
0.0436242
0.0340851
0.0211326
0.0285209
0.0407504
0.0349746
0.0223426
0.0258269
0.0378275
0.0358291
0.0234941
0.0232601
0.0350034
0.0366298
0.0245913
0.0208132
0.032312
0.0373624
0.0256408
0.0184807
0.0297323
0.0377849
0.0266397
0.0162493
0.0272723
0.0371984
0.0276001
0.0164561
0.0249134
0.0353658
0.0285146
0.0176084
0.0226581
0.0330686
0.0293961
0.0187113
0.020495
0.0307335
0.0302323
0.0197715
0.0184208
0.0284766
0.0310216
0.0207901
0.0164314
0.0262971
0.0316633
0.0217666
0.0145177
0.0242073
0.0318221
0.022709
0.0129281
0.0221921
0.0309861
0.0236114
0.0140165
0.0202562
0.0293494
0.0244852
0.0150615
0.0183897
0.0274402
0.0253194
0.0160708
0.0165919
0.0255195
0.0261195
0.0170439
0.0148591
0.023641
0.0268332
0.0179838
0.0131853
0.0218285
0.0273104
0.0188932
0.0115727
0.0200723
0.0271774
0.0197689
0.0112025
0.0183785
0.0262377
0.0206188
0.0121891
0.0167385
0.0247783
0.021435
0.0131463
0.0151532
0.0231603
0.0222232
0.0140711
