0.0916261
0.440844
0.44073
0.436096
0.397937
0.383215
0.355811
0.241889
0.298784
0.296174
0.281777
0.165037
0.237557
0.249025
0.240079
0.135228
0.195491
0.219071
0.212737
0.121327
0.163846
0.197951
0.193094
0.114281
0.138863
0.181665
0.178103
0.110648
0.118508
0.16656
0.166201
0.108879
0.101529
0.150489
0.15645
0.108192
0.0870923
0.134226
0.148276
0.108163
0.0746215
0.11892
0.140919
0.108526
0.0637116
0.105023
0.132887
0.109029
0.0670434
0.0925498
0.123244
0.10936
0.0704669
0.0813741
0.112619
0.109281
0.0730011
0.0713453
0.101965
0.108715
0.0747126
0.0623282
0.0918372
0.107727
0.0757725
0.054202
0.0824464
0.10491
0.0763673
0.0470271
0.0738345
0.0975774
0.0766506
0.0488201
0.0659708
0.0895813
0.0767332
0.0502826
0.0587952
0.081882
0.0766912
0.0515015
0.0522414
0.074639
0.0765685
0.052536
0.0462443
0.0678949
0.0764025
0.0534301
0.0407427
0.0616389
0.0761111
0.0542126
0.0356837
0.0558436
0.0741334
0.0549074
0.0342211
0.0504721
0.0690243
0.0555293
0.0356281
0.0454879
0.0635911
0.0560923
0.0369218
0.0408552
0.0584518
0.0566029
0.038116
0.0365414
0.0536313
0.0570728
0.039222
0.0325169
0.0491088
0.0574811
0.0402505
0.0287552
0.0448658
0.0575289
0.0412093
0.0252322
0.0408811
0.0556206
0.0421057
0.0261742
0.037134
0.0519244
0.0429461
0.0274876
0.0336056
0.0480669
0.0437353
0.0287243
0.0302789
0.0443845
0.044479
0.0298908
0.0271379
0.0408935
0.0451702
0.0309929
0.0241683
0.0375863
0.0457345
0.0320357
0.0213569
0.0344487
0.0455819
0.0330241
0.0197433
0.0314703
0.0437101
0.0339623
0.021012
0.02864
0.040868
0.0348536
0.0222188
0.0259476
0.037947
0.0357024
0.0233684
0.0233837
0.0351287
0.0365051
0.0244646
0.0209397
0.0324353
0.0372376
0.0255109
0.0186077
0.0298611
0.0376968
0.0265106
0.0163803
0.0274004
0.0372216
0.0274668
0.0163236
0.0250457
0.0354742
0.028382
0.0174736
0.022791
0.033197
0.0292596
0.0185759
0.0206302
0.0308701
0.0300971
0.0196339
0.0185578
0.0286121
0.0308858
0.0206498
0.0165687
0.0264368
0.0315444
0.0216262
0.0146581
0.0243458
0.0317698
0.0225652
0.012822
0.022334
0.031047
0.0234691
0.0138713
0.0203981
0.0294714
0.0243399
0.0149166
0.0185335
0.0275816
0.0251763
0.0159247
0.0167369
0.0256635
0.0259748
0.0168972
0.0150045
0.0237892
0.0266973
0.0178361
0.0133332
0.0219756
0.0272099
0.0187431
0.01172
0.0202223
0.0271694
0.0196193
0.0110507
0.0185281
0.0263237
0.0204667
0.0120378
0.01689
0.0249118
0.021285
0.0129935
0.0153055
0.0233074
0.022072
0.0139187
