0.0213786
0.338512
0.307124
0.277812
0.197839
0.154875
0.220255
0.207337
0.194406
0.0824059
0.121135
0.16885
0.165254
0.145859
0.0506325
0.0985803
0.139179
0.141082
0.112474
0.0383951
0.0827356
0.118878
0.124069
0.0916339
0.0326154
0.0707856
0.103639
0.110305
0.0780772
0.0291635
0.0613094
0.0915058
0.0984274
0.068305
0.0263759
0.0535307
0.0814368
0.0879794
0.060547
0.0237331
0.0470014
0.0728431
0.0787591
0.0540254
0.0211763
0.0414418
0.0653731
0.0706212
0.0483917
0.0187557
0.0366651
0.0588094
0.0634389
0.0434642
0.0165223
0.0325354
0.0530036
0.0570914
0.0391265
0.014502
0.0289483
0.0478469
0.0514708
0.0352917
0.0127014
