0.0526511
0.440994
0.440922
0.43815
0.405624
0.389074
0.361593
0.240766
0.306596
0.301358
0.286815
0.16362
0.244897
0.253655
0.24459
0.13401
0.202283
0.223304
0.216876
0.120356
0.170033
0.201895
0.196937
0.113546
0.144488
0.185531
0.181708
0.110128
0.123636
0.170716
0.169626
0.108549
0.106224
0.154836
0.159727
0.108033
0.0914089
0.138467
0.151439
0.108159
0.0786037
0.122915
0.144082
0.108657
0.0673992
0.108742
0.136205
0.10925
0.0672012
0.0960056
0.126612
0.109589
0.0706182
0.0845913
0.115873
0.109425
0.0730589
0.0743511
0.10504
0.10872
0.0746303
0.0651537
0.0947299
0.107613
0.0755472
0.0568758
0.0851784
0.10598
0.0760153
0.049414
0.0764328
0.100225
0.0761965
0.0482938
0.0684569
0.092169
0.0761984
0.0496877
0.0611882
0.0843626
0.0760941
0.0508541
0.0545556
0.0770231
0.0759256
0.0518497
0.0484907
0.0701985
0.0757264
0.0527142
0.0429311
0.0638746
0.0754944
0.0534749
0.037821
0.0580201
0.0748414
0.054153
0.0334285
0.0525983
0.0711019
0.0547628
0.0348284
0.0475687
0.0657244
0.0553169
0.0361171
0.0428962
0.0605394
0.055821
0.0373079
0.0385462
0.0556749
0.0562864
0.0384122
0.0344892
0.0511142
0.0567116
0.0394395
0.0306973
0.046837
0.0570558
0.0403982
0.0271472
0.0428209
0.0566027
0.041295
0.0253404
0.0390456
0.0537641
0.042136
0.0266566
0.0354913
0.0499765
0.0429268
0.0278965
0.0321405
0.0462738
0.0436719
0.0290658
0.0289776
0.0427574
0.0443729
0.0301711
0.0259872
0.0394264
0.0450245
0.0312167
0.0231565
0.0362671
0.0454767
0.0322081
0.0204731
0.0332689
0.0448797
0.0331491
0.0201822
0.0304197
0.0425754
0.0340431
0.0213931
0.0277096
0.039719
0.0348945
0.0225463
0.0251293
0.0368915
0.0357043
0.023646
0.0226696
0.0341821
0.0364736
0.0246956
0.0203229
0.0315914
0.0371592
0.0256983
0.0180815
0.0291156
0.0375013
0.0266575
0.0159392
0.0267463
0.0367366
0.0275754
0.0166544
0.0244778
0.0348164
0.0284556
0.0177602
0.0223042
0.0325451
0.0292986
0.0188212
0.0202194
0.0302851
0.0301063
0.0198401
0.0182186
0.0280986
0.0308635
0.0208192
0.0162969
0.025996
0.0314885
0.0217608
0.0144498
0.0239724
0.0316271
0.0226672
0.0130585
0.0220253
0.0307733
0.02354
0.014107
0.0201504
0.0291345
0.0243811
0.0151177
0.0183436
0.0272662
0.0251912
0.0160927
0.0166016
0.0253932
0.0259639
0.017034
0.014921
0.0235722
0.0266701
0.017943
0.0132987
0.0218098
0.0271684
0.0188216
0.0117317
0.0201067
0.0271085
0.0196712
0.0112333
0.0184596
0.0262253
0.0204928
0.0121912
0.0168667
0.0248086
0.0212879
0.0131184
0.0153251
0.023225
0.0220525
0.0140168
