0.126013
1.04855
0.891069
0.506974
0.676149
0.614275
0.284691
0.5227
0.474533
0.186271
0.443633
0.346335
0.226119
0.388713
0.238477
0.25643
0.326678
0.154182
0.27649
0.254792
0.133528
0.281827
0.187121
0.15926
0.250888
0.128986
0.177943
0.200809
0.0802528
0.191077
0.152328
0.0994156
0.191222
0.109286
0.116706
0.164797
0.07186
0.131034
0.129215
0.0600338
0.140294
0.0957119
0.0762882
0.1345
0.0657177
0.090545
0.112282
0.0391063
0.10203
0.0861482
0.0481737
0.10615
0.0614351
0.0618677
0.0968401
0.0389679
0.0737199
0.0784632
0.027831
0.0816147
0.0582805
0.0407245
0.0809654
0.0390637
0.0523225
0.0706792
0.0215069
0.061508
0.0553861
0.0247299
0.0654841
0.0391815
0.0357814
0.061802
0.0237433
0.0452608
0.0518138
0.0126345
0.0514565
0.0389289
0.0228211
