1
0.505466
0.497492
0.459946
0.410933
0.360297
0.337867
0.314056
0.49411
0.423131
0.260871
0.247393
0.238559
0.22853
0.219497
0.216766
0.315614
0.377651
0.265849
0.188039
0.185546
0.181174
0.176156
0.175448
0.237095
0.313561
0.268816
0.196976
0.155145
0.154674
0.149516
0.145077
0.17719
0.229504
0.241473
0.181223
0.129442
0.123251
0.11941
0.115427
0.124889
0.163523
0.206121
0.165161
0.120165
0.0996594
0.0996033
0.0966403
0.0960923
0.120261
0.155226
0.154498
0.115768
0.0838692
0.0855827
0.0834279
0.0811014
0.0911814
0.118941
0.146658
0.113167
0.0823796
0.0727786
0.0735643
0.0715316
0.0729004
0.0922562
0.118476
0.111443
0.0831868
0.0608755
0.0657703
0.0642984
0.0628579
0.0727242
0.0944107
0.110209
0.0844874
0.061463
0.0574907
0.0585171
0.0569039
0.0594206
0.0755845
0.0965455
0.0858112
0.0637637
0.047069
0.0535541
0.0524288
0.0516639
0.0610699
0.0788863
0.0870373
0.0663631
0.048241
0.0476514
0.0487081
0.0473578
0.050624
0.0645163
0.0819332
0.0688459
0.0509129
0.0396644
0.0452724
0.0443432
0.0441647
0.0530414
0.0681728
0.0711092
0.0539087
0.0391639
0.0408007
0.0418028
0.0406757
0.0444362
0.0566333
0.0710541
0.0568181
0.0418138
0.0345281
0.0392878
0.0384825
0.0388263
0.0471745
0.0603353
0.0595142
0.0448519
0.0325734
0.0357613
0.0366735
0.0357683
0.0398503
0.0507316
0.06154
0.0478645
0.0350586
0.0306717
0.0347605
0.034045
0.0348505
0.0426982
0.0543481
0.0507104
0.037987
0.0275912
0.0318998
0.0327102
0.0320391
0.0363169
0.046146
0.0532595
0.0409569
0.0298616
0.0276717
0.0312157
0.0305768
0.0317852
0.0391712
0.0495977
0.0438104
0.0326187
0.0237062
0.0288483
0.0295546
0.0291291
0.0335115
0.0424813
0.0464704
0.0354763
0.0257529
0.0252714
0.0283639
0.0278025
0.0293561
0.0363201
0.0456119
0.0382672
0.0283171
0.0208704
0.0263749
0.0269831
0.0268088
0.0312317
0.0394831
0.040916
0.0310319
0.0224342
0.0233073
0.0260187
0.0255425
0.0273861
0.0339672
0.0419084
0.0337227
0.0248019
0.0194622
0.0243294
0.0248496
0.0249261
0.0293415
0.0369815
0.0363116
0.0273619
0.0197066
0.0216697
0.024056
0.0236759
0.0257593
0.0319928
0.0382031
0.0299362
0.0218838
0.0182775
0.0226085
0.0230539
0.0233739
0.0277505
0.0348472
0.0324413
0.0242867
0.0174326
0.0202825
0.0223886
0.0221165
0.0243942
0.0303116
0.0346354
0.0267375
0.019428
0.0172662
0.0211396
0.0215254
0.0220777
0.026392
0.0329582
0.0291474
0.0216777
0.0155139
0.0190915
0.0209547
0.0208013
0.023233
0.028862
0.0313959
0.0240042
0.017339
0.016392
0.0198706
0.0202131
0.0209818
0.0252192
0.0311722
0.0263145
0.0194409
0.0138787
0.0180569
0.0197096
0.019683
0.0222343
0.0275967
0.0285296
0.0216449
0.0155448
0.0156281
0.0187624
0.0190786
0.0200455
0.0241963
0.0293454
0.0238546
0.0175062
0.0128286
0.0171489
0.0186196
0.0187251
0.0213664
0.0264738
0.026006
0.0195911
0.0139913
0.014954
0.0177861
0.0180918
0.019238
0.0232958
0.0274256
0.021702
0.0158193
0.0123903
0.0163451
0.0176592
0.0178991
0.0206052
0.0254509
0.0237787
0.0177902
0.0126369
0.014354
0.0169192
0.01723
0.0185356
0.0224965
0.0254799
0.0198046
0.0143388
0.0119984
0.0156277
0.016808
0.0171823
0.0199326
0.0244747
0.0218034
0.0162006
0.0114492
0.0138158
0.0161444
0.0164742
0.01792
0.0217802
0.0236041
0.0181218
0.013032
0.0116447
0.0149828
0.016051
0.0165569
0.0193338
0.0234823
0.0200429
0.0147896
0.0104025
