1
0.442948
0.364506
0.295261
0.240193
0.255318
0.233429
0.228872
0.360081
0.284597
0.183633
0.15533
0.149402
0.163857
0.157406
0.165723
0.23432
0.26156
0.178432
0.124708
0.115915
0.125784
0.126949
0.133944
0.176228
0.221377
0.186821
0.131429
0.10145
0.100346
0.108377
0.11293
0.139122
0.178334
0.180029
0.135168
0.0990001
0.0831594
0.0909986
0.0951264
0.109694
0.138329
0.160662
0.130978
0.0966901
0.075058
0.0720353
0.079643
0.087885
0.107361
0.132153
0.124849
0.094462
0.0709888
0.0583487
0.0653817
0.0723404
0.0850951
0.105386
0.115922
0.0927991
0.0695256
0.0541687
0.0515877
0.0602265
0.0692691
0.0845309
0.100977
0.0912531
0.0694693
0.052635
0.0418073
0.0494003
0.0575606
0.0688959
0.0842299
0.087901
0.0700608
0.0528181
0.0405843
0.0390773
0.047983
0.0571029
0.0697145
0.0802871
0.0705937
0.0539556
0.0407138
0.030808
0.0393096
0.0477871
0.0580552
0.0697937
0.0697287
0.0554997
0.0418201
0.0312651
0.0310678
0.039831
0.0487095
0.0593773
0.0658382
0.0568902
0.043514
0.0323728
0.0231931
0.0325491
0.0409317
0.050291
0.059202
0.0571869
0.0454425
0.0340057
0.0244966
0.0256468
0.0340888
0.0425702
0.051623
0.0552724
0.0471802
0.0359743
0.0261769
0.0190582
0.027777
0.0358746
0.0443799
0.051031
0.0480432
0.0380527
0.0281161
0.019362
0.0218037
0.0298533
0.0378536
0.0454752
0.0472311
0.0399201
0.0302236
0.0213701
0.0161131
0.0242628
0.031985
0.0396486
0.0445059
0.0410656
0.0323505
0.0234821
0.0153382
0.0189748
0.0266082
0.0340757
0.0404092
0.0408974
0.0342523
0.0256538
0.0175218
0.013948
0.0215831
0.0288844
0.0357101
0.0391584
0.0355394
0.0277817
0.0197211
0.0121096
0.0168273
0.0240404
0.0309398
0.0361244
0.0357631
0.029675
0.0219117
0.0143703
