0.163542
1.13707
1.07744
0.792006
0.794951
0.710862
0.469282
0.600026
0.562301
0.301983
0.502289
0.476073
0.237554
0.441161
0.368626
0.267162
0.398352
0.270411
0.290512
0.36064
0.193961
0.309549
0.295848
0.17966
0.324459
0.229468
0.209837
0.29662
0.172936
0.232458
0.246371
0.138317
0.248037
0.196443
0.159654
0.25195
0.152616
0.175847
0.211221
0.114832
0.188648
0.172108
0.117867
0.199127
0.137244
0.132478
0.186512
0.106501
0.145038
0.154782
0.0868347
0.15601
0.12613
0.100658
0.164909
0.100341
0.112978
0.142147
0.0771672
0.123993
0.117848
0.0767836
0.133902
0.0956992
0.0886329
0.132488
0.0755187
0.0994037
0.111515
0.0582918
0.109231
0.0921123
0.0695933
0.118035
0.0742413
0.0799847
0.106515
0.0577483
0.089565
0.0892634
0.0543157
0.0984264
0.0732318
0.0642685
0.101871
0.0583237
0.073522
0.0869641
0.0444239
0.0821441
0.0724263
0.0513011
0.0900987
0.0588241
0.0601959
0.0850266
0.0460636
0.0685356
0.0717708
0.0404231
0.0763673
0.0592645
0.0489511
0.0816032
0.0474733
0.056989
0.0712359
0.036343
0.0645768
0.0596596
0.0393399
0.0716873
0.0487005
0.047078
0.0705875
0.0383119
0.054411
0.0600158
0.0310404
0.0613671
0.0497787
0.0384817
0.0669606
0.0400407
0.045559
0.0603203
0.0307681
0.0522983
0.0507362
0.0309498
0.0586773
0.0415718
0.037777
0.0600164
0.0328189
0.0443004
0.0515942
0.0244523
0.0505339
0.0429388
0.0308933
0.0559468
0.0346496
0.0372032
0.0522705
0.0267072
0.0432502
0.0441717
0.0247522
0.0490154
0.0362993
0.0308569
0.0517103
0.0287374
0.0367225
0.0452659
0.0214702
0.0423575
0.0377917
0.0251558
0.0474424
0.0305789
0.0308418
0.0460063
0.0236327
0.0363177
0.0391425
0.0200011
0.041567
0.0322527
0.0255182
0.0449098
0.0256009
0.0308405
0.0403224
0.01918
0.0359753
0.0337832
0.0206738
0.0407137
0.0274019
0.0258479
0.040885
0.0212314
0.0308496
0.0351742
0.0162521
0.0356627
0.0290582
0.0212799
0.0392378
0.0231209
0.0261497
0.0363191
0.0173696
0.0308645
0.0305798
0.0170875
0.0352746
0.0248625
0.0218287
0.0365219
0.0193129
0.0264281
0.0319515
0.0139285
0.0308693
0.0264768
0.0178431
0.0344649
0.0211173
0.0223284
0.0329529
0.0159096
0.0266834
0.0279623
0.0141547
0.0307968
0.0227921
0.0185312
0.0327111
0.0177507
0.0227861
0.0292627
0.0128463
0.0269067
0.0243509
0.015003
0.0304222
0.0194698
0.0191603
0.030024
0.0147122
0.023205
0.0257783
0.0117172
0.0270525
0.0210753
0.0157799
0.029347
0.016458
0.0197383
0.0269569
0.0119551
0.0235803
0.0225697
0.0126209
0.0269704
