0.210217
1.03765
0.874755
0.483038
0.66231
0.601484
0.266385
0.512161
0.461142
0.186014
0.434235
0.333107
0.225228
0.379384
0.226793
0.254944
0.316622
0.144022
0.274298
0.245204
0.13214
0.276673
0.178507
0.157691
0.242944
0.12131
0.1763
0.193274
0.077698
0.188887
0.145503
0.0982516
0.186344
0.103091
0.115504
0.158664
0.0661994
0.129632
0.123503
0.059176
0.137679
0.0904755
0.0753764
0.129884
0.0608837
0.0895106
0.107354
0.0346604
0.100408
0.0815694
0.0474659
0.103019
0.0571967
0.0610644
0.0926879
0.0350515
0.0725809
0.0743613
0.0273038
0.0795099
0.0544795
0.0401015
0.0776862
0.0355561
0.0514765
0.0670132
0.0183662
0.0600386
0.0519024
0.0242831
0.0630101
0.035984
0.0351565
0.0586459
0.0208665
0.0442062
0.0485987
0.0123815
