0.0367976
0.426392
0.379463
0.331646
0.203603
0.282333
0.260894
0.187309
0.143453
0.217897
0.208929
0.135827
0.105134
0.177272
0.17906
0.115594
0.0783321
0.146098
0.158674
0.10632
0.0581086
0.120654
0.142327
0.10143
0.0421077
0.0993902
0.127399
0.0979636
0.0387383
0.0813844
0.113087
0.0946025
0.0420993
0.0660034
0.0993948
0.0908616
0.0444146
0.0527843
0.0865159
0.0865505
0.0459757
0.0413769
0.0746079
0.0815871
0.0470004
0.0315117
0.0637374
0.0759874
0.0476187
0.0229844
0.0538989
0.0698819
0.0478844
0.0161859
0.0450404
0.0634757
0.0477863
0.0182405
0.037088
0.0569856
0.0472677
0.0201032
0.0299627
0.050595
0.0462609
0.0217746
0.0235933
0.0444368
0.0447241
0.0232456
