1
0.440769
0.363074
0.313049
0.261004
0.234386
0.235823
0.218612
0.208753
0.285161
0.350734
0.229124
0.16688
0.148274
0.143231
0.14714
0.149753
0.145925
0.166684
0.227874
0.251814
0.191733
0.134793
0.113069
0.109051
0.115686
0.118544
0.123032
0.151191
0.193887
0.206497
0.167519
0.124311
0.0989195
0.0910749
0.0976289
0.101757
0.111293
0.13648
0.167838
0.175615
0.144445
0.110446
0.0876199
0.0773825
0.0829103
0.0886653
0.0989236
0.119445
0.144003
0.148902
0.122572
0.0951342
0.0757545
0.0650609
0.0697967
0.0768389
0.0868001
0.103891
0.123863
0.126782
0.104688
0.0819804
0.0653474
0.0547585
0.0589493
0.066828
0.0764576
0.0911322
0.107681
0.109274
0.090685
0.0714338
0.0568221
0.0464751
0.0502508
0.0585973
0.0679458
0.0808651
0.0947474
0.0954746
0.0796911
0.0630258
0.0499066
0.0398448
0.0432804
0.0518359
0.0609323
0.0725305
0.0842997
0.0844685
0.0709189
0.0562381
0.0442518
0.0344935
0.037639
0.0462323
0.0550851
0.0656526
0.0757328
0.0755455
0.0637844
0.0506642
0.0395682
0.0301218
0.0330139
0.041535
0.0501428
0.0598773
0.0685979
0.0681881
0.0578727
0.0460086
0.0356369
0.0265042
0.0291725
0.0375517
0.0459099
0.0549486
0.062567
0.0620231
0.0528895
0.0420582
0.0322948
0.0234734
0.0259427
0.034137
0.0422415
0.0506819
0.0573992
0.0567802
0.048624
0.038659
0.0294207
0.0209052
0.023197
0.0311806
0.0390287
0.0469425
0.0529161
0.0522612
0.0449229
0.035698
0.0269232
0.0187065
0.0208397
0.0285979
0.0361888
0.0436305
0.0489842
0.0483195
0.0416735
0.0330908
0.0247331
0.0168071
0.018798
0.0263234
0.033658
0.0406707
0.0455022
0.0448446
0.038791
0.0307738
0.0227969
0.0151533
0.0170163
0.024306
0.0313865
0.0380053
0.0423925
0.0417527
0.0362114
0.0286983
0.0210731
0.0137034
0.0154508
0.022505
0.0293348
0.0355893
0.0395948
0.0389794
0.033885
0.026826
0.019529
0.0124249
