0.0316165
0.347129
0.346997
0.346854
0.311892
0.334403
0.325341
0.310713
0.29639
0.134119
0.270149
0.259424
0.249503
0.207894
0.145833
0.22524
0.218806
0.212564
0.14544
0.139785
0.196609
0.192563
0.188153
0.112147
0.130692
0.176375
0.173952
0.164488
0.0923517
0.121571
0.160964
0.159897
0.140513
0.0796684
0.113117
0.148536
0.148811
0.123642
0.0711116
0.105476
0.138093
0.139753
0.11132
0.0651215
0.098566
0.129044
0.132208
0.10205
0.060817
0.092311
0.121022
0.125745
0.0948889
0.057666
0.0866214
0.113802
0.120102
0.089248
0.0553039
0.0814297
0.107222
0.114852
0.0846492
0.0534284
0.0766609
0.101194
0.109662
0.0807155
0.0517692
0.0722675
0.0956264
0.104501
0.0771253
0.0501187
0.0682035
0.0904771
0.0995132
0.0737187
0.0483838
0.0644448
0.0857081
0.0947302
0.0704108
0.0465508
0.0609629
0.0812896
0.0901956
0.0672111
0.0446605
0.0577449
0.0771959
0.08589
0.0641244
0.0427561
0.0547668
0.0734039
0.0818493
0.0611854
0.0408822
0.0520179
0.0698987
0.078057
0.0583957
0.0390647
0.0494761
0.0666518
0.0745157
0.0557742
0.0373229
0.0471235
0.0636405
0.0712119
0.0533063
0.0356674
0.0449455
0.0608497
0.0681367
0.0510019
0.0341026
0.042928
0.0582545
0.0652634
0.0488388
0.032628
0.041052
0.055847
0.062594
0.0468216
0.0312392
0.0393097
0.0535953
0.0600909
0.0449293
0.0299351
0.0376843
0.051502
0.0577605
0.0431607
0.0287076
0.0361693
0.0495369
0.0555742
0.0415015
0.0275539
0.0347529
0.0477036
0.0535329
0.0399493
0.0264699
0.033425
0.0459805
0.051608
0.0384849
0.0254508
0.0321797
0.044365
0.0498055
0.0371122
0.024488
0.0310085
0.0428414
0.0481042
0.0358163
0.0235806
0.0299068
0.0414111
0.0465079
0.0345976
0.0227245
0.0288682
0.0400545
0.0449919
0.0334433
0.0219164
0.0278878
0.0387801
0.0435663
0.0323566
0.0211506
0.0269615
0.0375664
0.0422102
0.0313226
0.0204269
0.0260848
0.0364238
0.0409302
0.0303474
0.0197382
0.0252539
0.0353324
0.0397108
0.029417
0.0190866
0.0244658
0.0343027
0.0385583
0.0285379
0.0184651
0.0237165
0.0333165
0.0374548
0.027698
0.0178762
0.023004
0.0323843
0.0364106
0.0269014
0.0173131
0.0223252
0.0314892
0.035408
0.0261399
0.016779
0.0216783
0.0306416
0.0344577
0.025416
0.0162674
0.0210609
0.0298266
0.0335439
0.024722
0.015781
0.0204712
0.0290521
0.0326749
0.0240618
0.0153142
0.0199073
0.0283073
0.0318393
0.0234268
0.0148701
0.0193677
0.0275982
0.031043
0.0228224
0.0144423
0.018851
0.0269139
0.0302747
0.0222397
0.0140353
0.0183563
0.0262629
0.0295428
0.0216844
0.0136422
0.0178822
0.0256325
0.0288343
0.0211481
0.0132681
0.0174269
0.0250322
0.028159
0.0206363
0.0129062
0.0169896
0.0244496
0.0275039
0.0201415
0.0125614
0.0165689
0.0238943
0.0268788
0.0196687
0.012227
0.0161644
0.0233545
0.0262714
0.0192107
0.0119082
0.0157746
0.0228393
0.0256912
0.0187725
0.0115984
