0.0524536
0.347119
0.346983
0.346773
0.313
0.332898
0.324618
0.310052
0.295756
0.132493
0.26953
0.259102
0.249249
0.208415
0.145096
0.22502
0.218717
0.212491
0.145852
0.139352
0.196535
0.192584
0.188205
0.11253
0.130403
0.176369
0.174035
0.16482
0.0927138
0.12136
0.160972
0.16001
0.14085
0.0800144
0.112963
0.148551
0.148933
0.123973
0.0714467
0.105336
0.138104
0.139899
0.111645
0.0654492
0.0984415
0.129046
0.132348
0.102366
0.0611417
0.0921956
0.121012
0.125902
0.0952085
0.0579869
0.0865146
0.113778
0.120258
0.0895619
0.0556193
0.0813215
0.107189
0.115036
0.0849569
0.0537349
0.0765538
0.101143
0.109874
0.081003
0.0520571
0.0721584
0.0955683
0.104724
0.0773958
0.0503851
0.0680951
0.0904111
0.0997253
0.0739606
0.0486241
0.0643354
0.0856352
0.0949336
0.0706319
0.0467678
0.060856
0.0812113
0.0903767
0.067406
0.0448543
0.0576384
0.0771152
0.0860598
0.0643027
0.0429316
0.0546642
0.0733243
0.0820029
0.0613439
0.04104
0.0519171
0.0698166
0.0781961
0.0585428
0.0392088
0.049378
0.066569
0.0746449
0.0559051
0.0374555
0.0470303
0.0635605
0.071329
0.0534305
0.0357901
0.0448565
0.0607709
0.0682435
0.0511137
0.0342162
0.0428419
0.0581797
0.0653641
0.0489466
0.0327332
0.0409712
0.0557702
0.0626832
0.0469196
0.031338
0.0392313
0.053525
0.0601781
0.045024
0.030027
0.0376108
0.0514302
0.0578398
0.0432493
0.0287951
0.0360981
0.0494726
0.0556504
0.0415862
0.0276372
0.0346838
0.0476399
0.0536007
0.0400262
0.0265485
0.0333593
0.0459203
0.0516755
0.0385609
0.0255238
0.0321167
0.0443053
0.049868
0.0371829
0.0245587
0.0309488
0.0427863
0.0481646
0.0358851
0.0236486
0.02985
0.0413549
0.0465617
0.0346615
0.0227894
0.0288141
0.0400038
0.0450455
0.0335063
0.0219774
0.0278361
0.0387276
0.0436152
0.0324141
0.0212094
0.0269119
0.0375191
0.0422583
0.0313803
0.0204818
0.0260369
0.0363747
0.0409745
0.0304004
0.0197922
0.0252075
0.0352885
0.0397544
0.0294707
0.0191375
0.0244205
0.0342568
0.0385974
0.0285877
0.0185154
0.0236728
0.033276
0.0374939
0.0277478
0.0179238
0.0229615
0.0323423
0.0364452
0.0269482
0.0173605
0.0222843
0.0314519
0.0354437
0.0261862
0.0168236
0.0216388
0.0306031
0.03449
0.0254593
0.0163115
0.0210228
0.0297918
0.0335764
0.0247654
0.0158227
0.0204345
0.0290168
0.032705
0.024102
0.0153556
0.0198722
0.0282749
0.031869
0.0234675
0.0149088
0.0193342
0.0275648
0.0310699
0.02286
0.0144811
0.0188189
0.0268839
0.030302
0.0222779
0.0140715
0.0183251
0.0262313
0.0295671
0.0217197
0.0136787
0.0178515
0.0256042
0.0288592
0.0211841
0.0133019
0.0173969
0.0250023
0.0281809
0.0206696
0.0129402
0.0169602
0.0244231
0.0275266
0.0201751
0.0125927
0.0165404
0.0238663
0.0268986
0.0196997
0.0122587
0.0161367
0.0233299
0.0262923
0.019242
0.0119372
0.0157481
0.0228137
0.0257094
0.0188014
0.011628
