1
0.501027
0.497221
0.461402
0.412318
0.364987
0.338645
0.314646
0.505943
0.424165
0.264167
0.247596
0.243769
0.233618
0.224467
0.22261
0.324529
0.378596
0.266533
0.187933
0.190515
0.185647
0.18051
0.180417
0.244306
0.321043
0.269694
0.197575
0.159945
0.157524
0.15187
0.147284
0.180244
0.232968
0.238889
0.178387
0.126504
0.12586
0.121942
0.117917
0.12788
0.167114
0.209222
0.162177
0.117024
0.102947
0.10231
0.0992855
0.0988033
0.123773
0.159023
0.15144
0.112593
0.0807652
0.0884531
0.0861682
0.0837804
0.0944467
0.122657
0.143845
0.109988
0.0791376
0.0761816
0.0763872
0.074271
0.0758224
0.0958293
0.122275
0.108272
0.0799461
0.0613527
0.0687285
0.0670934
0.0656069
0.0760616
0.0981085
0.10706
0.0812709
0.0582317
0.060896
0.0613672
0.0596644
0.062447
0.0791383
0.100252
0.0826234
0.0605299
0.0505863
0.056545
0.0552314
0.0544621
0.0644198
0.0825319
0.0838804
0.0631595
0.0450523
0.0510283
0.0515605
0.050119
0.0537032
0.0680341
0.0842379
0.0656774
0.0477139
0.0433398
0.0482686
0.0471365
0.0470031
0.0563818
0.0717645
0.0679751
0.0507383
0.036031
0.0441376
0.0446459
0.0434316
0.0475422
0.0601091
0.0699957
0.0536808
0.038661
0.0381327
0.0422767
0.0412587
0.041697
0.0504952
0.0638656
0.0564115
0.0417207
0.0310344
0.0390549
0.0395017
0.0385226
0.0429671
0.0541656
0.0589007
0.0447663
0.0319549
0.0342102
0.0377348
0.0368018
0.0377464
0.0459957
0.0576799
0.0476454
0.0348993
0.02831
0.0351507
0.0355203
0.0347952
0.0394345
0.04954
0.0503144
0.0378997
0.0268096
0.0311486
0.0341708
0.0333151
0.0346988
0.0424429
0.0518813
0.0407859
0.0295771
0.0261477
0.0320564
0.0323446
0.0318898
0.036624
0.0458333
0.0435001
0.0324623
0.0227544
0.0286908
0.0312964
0.030524
0.0322811
0.0395654
0.0458721
0.0352842
0.0253228
0.0243881
0.029542
0.0297525
0.0295762
0.0343344
0.0427697
0.037972
0.0280619
0.0197072
0.0266728
0.0289272
0.0282509
0.0303181
0.0371859
0.0404718
0.030783
0.0218562
0.0229267
0.0274565
0.0275981
0.0277
0.0324322
0.0400441
0.0334053
0.0244372
0.0187732
0.0249846
0.026939
0.0263745
0.0286935
0.0351837
0.0358903
0.02704
0.0189867
0.0216917
0.0256971
0.0257824
0.0261541
0.0308266
0.037185
0.0295762
0.0214077
0.0179761
0.0235499
0.0252459
0.0248084
0.0273274
0.0334681
0.0320058
0.0238855
0.0165806
0.020633
0.0241912
0.0242354
0.0248627
0.0294523
0.0340005
0.0263253
0.018845
0.0172864
0.022314
0.0237865
0.0234891
0.0261626
0.0319486
0.028683
0.0211965
0.0145415
0.0197137
0.0228863
0.0229063
0.0237703
0.0282621
0.0308477
0.0235356
0.016655
0.0166828
0.0212368
0.0225162
0.0223684
0.0251577
0.0304829
0.025814
0.0188823
0.0134747
0.0189068
0.0217435
0.0217569
0.0228358
0.0272184
0.0279794
0.0211201
0.0147673
0.0161487
0.0202883
0.0214015
0.0214094
0.0242816
0.0288599
0.023316
0.016874
0.0131945
0.0181916
0.0207337
0.0207574
0.0220285
0.0262867
0.0254337
0.0190119
0.0131281
0.0156717
0.0194456
0.0204172
0.0205828
0.0235107
0.0269778
0.021125
0.0151189
0.0129414
0.0175522
0.0198344
0.0198846
0.0213245
0.0254206
0.0231804
0.0171594
0.0116958
0.0152422
0.0186907
0.0195437
0.0198657
0.0228261
0.0249769
0.0191906
0.0135756
0.0127108
0.0169762
0.0190285
0.0191194
0.0207056
0.0245427
0.0211795
0.0155219
0.0104375
0.0148525
0.0180099
0.0187654
0.0192395
0.0222109
0.0230361
0.0174731
0.0122114
