0.0451691
0.426647
0.380225
0.332455
0.204365
0.283253
0.261776
0.187571
0.144228
0.218686
0.209684
0.135989
0.105813
0.177963
0.179718
0.11573
0.0789273
0.146712
0.159262
0.106454
0.058634
0.121202
0.14286
0.101562
0.0425723
0.0998804
0.127887
0.0980885
0.03879
0.0818254
0.113534
0.0947201
0.0421294
0.0664024
0.0998056
0.090978
0.0444224
0.0531479
0.0868943
0.0866766
0.0459638
0.0417105
0.0749574
0.0817306
0.0469726
0.0318186
0.0640623
0.0761525
0.0475802
0.0232668
0.054203
0.0700672
0.0478413
0.0161021
0.0453265
0.0636764
0.0477457
0.0181483
0.0373583
0.0571967
0.0472383
0.0200045
0.0302192
0.0508118
0.0462496
0.0216716
0.0238366
0.0446558
0.0447369
0.0231412
