0.0222085
0.427093
0.380843
0.333174
0.205779
0.283772
0.262265
0.187668
0.145327
0.219192
0.210078
0.135943
0.106742
0.178536
0.180061
0.115664
0.0797461
0.147332
0.159594
0.106395
0.0593687
0.121833
0.143227
0.10153
0.0432376
0.100501
0.128304
0.0981044
0.0387364
0.082424
0.113994
0.0947959
0.042108
0.0669729
0.100289
0.091119
0.0444289
0.0536868
0.0873844
0.0868854
0.045993
0.0422163
0.0754404
0.0820042
0.0470225
0.0322891
0.0645301
0.0764801
0.0476502
0.0236995
0.0546512
0.0704325
0.0479338
0.0163043
0.0457518
0.0640626
0.047866
0.018196
0.0377592
0.0575891
0.047392
0.0200576
0.0305945
0.0511995
0.0464407
0.0217312
0.024185
0.0450314
0.0449652
0.0232094
