1
0.501076
0.499993
0.482285
0.443979
0.404653
0.35377
0.343579
0.322359
0.411163
0.541479
0.356059
0.259119
0.248947
0.239941
0.232726
0.225065
0.217865
0.235733
0.33186
0.384183
0.288903
0.20689
0.184667
0.18676
0.182426
0.178233
0.175724
0.218331
0.284576
0.314749
0.250606
0.191138
0.155205
0.157759
0.153774
0.149257
0.152306
0.189185
0.235064
0.250451
0.198763
0.150432
0.123053
0.125132
0.121882
0.118576
0.122529
0.15177
0.188308
0.197384
0.156678
0.118845
0.10011
0.103459
0.101051
0.0985564
0.102808
0.126949
0.15725
0.162288
0.128763
0.097763
0.084296
0.0884119
0.0865176
0.0845186
0.0887903
0.109283
0.135118
0.13737
0.10891
0.082707
0.07275
0.0773418
0.0758039
0.0741372
0.0783078
0.0960685
0.118547
0.118774
0.0940775
0.0714237
0.0639573
0.068842
0.0675814
0.0661531
0.0701693
0.0858084
0.105675
0.104374
0.0825817
0.0626578
0.0570426
0.0620975
0.0610737
0.0598249
0.0636656
0.0776116
0.0953888
0.0929016
0.0734174
0.0556557
0.0514658
0.0566064
0.0557959
0.0546883
0.058347
0.0709117
0.0869799
0.0835517
0.0659459
0.0499368
0.0468739
0.0520421
0.0514303
0.0504363
0.053916
0.0653328
0.079977
0.0757907
0.0597412
0.0451812
0.0430289
0.0481837
0.047759
0.0468595
0.0501666
0.0606151
0.0740529
0.0692486
0.0545101
0.0411664
0.0397635
0.0448759
0.0446285
0.0438094
0.046952
0.0565731
0.0689732
0.0636625
0.0500427
0.037734
0.0369564
0.0420063
0.0419266
0.0411779
0.0441655
0.0530711
0.0645652
0.0588402
0.0461856
0.0347678
0.0345182
0.0394917
0.0395703
0.0388844
0.0417259
0.0500073
0.0606969
0.0546368
0.0428236
0.0321804
0.032381
0.0372691
0.0374964
0.0368679
0.0395723
0.0473039
0.0572672
0.0509424
0.039869
0.0299049
0.0304927
0.0352894
0.0356556
0.0350812
0.0376568
0.044901
0.0541957
0.0476715
0.0372532
0.0278892
0.0288123
0.0335146
0.0340098
0.0334871
0.0359419
0.0427509
0.0514195
0.0447567
0.0349225
0.0260924
0.0273075
0.0319138
0.0325288
0.032056
0.0343973
0.0408154
0.0488891
0.0421439
0.0328337
0.0244817
0.0259523
0.0304624
0.0311877
0.030764
0.0329989
0.0390638
0.0465662
0.0397899
0.0309523
0.0230303
0.0247257
0.0291403
0.0299668
0.0295918
0.0317267
0.0374712
0.044421
0.0376587
0.0292494
0.0217165
0.0236102
0.0279306
0.0288498
0.0285233
0.0305642
0.0360164
0.0424313
0.0357211
0.0277018
0.0205224
0.0225914
0.0268195
0.0278233
0.0275454
0.0294977
0.0346825
0.04058
0.0339526
0.0262897
0.019433
0.0216573
0.0257954
0.026876
0.0266467
0.028516
0.0334547
0.0388536
0.0323329
0.0249969
0.0184355
0.0207978
0.0248483
0.0259985
0.0258178
0.0276089
0.0323208
0.0372411
0.0308443
0.0238093
0.0175195
0.0200044
0.0239697
0.0251829
0.0250507
0.0267684
0.0312704
0.0357333
0.0294724
0.0227152
0.0166757
0.0192697
0.0231524
0.0244224
0.0243387
0.0259874
0.0302944
0.0343218
0.0282043
0.0217045
0.0158966
0.0185874
0.0223903
0.0237113
0.0236758
0.0252596
0.0293851
0.0329994
0.0270293
0.0207685
0.0151752
0.0179521
0.0216777
0.0230445
0.0230568
0.0245798
0.0285358
0.0317594
0.0259378
0.0198995
0.014506
0.0173592
0.02101
0.0224178
0.0224773
0.0239434
0.0277405
0.0305956
0.0249217
0.0190911
0.0138836
0.0168045
0.0203832
0.0218273
0.0219334
0.0233464
0.0269942
0.0295021
0.0239739
0.0183374
0.0133038
0.0162843
0.0197933
0.02127
0.0214218
0.022785
0.0262922
0.0284738
0.023088
0.0176335
0.0127627
0.0157957
0.0192374
0.0207427
0.0209394
0.0222562
0.0256305
0.0275058
0.0222585
0.0169749
0.0122567
0.0153358
0.0187124
0.0202431
0.0204836
0.0217573
0.0250056
0.0265936
0.0214805
0.0163577
0.011783
0.014902
0.0182159
0.0197687
0.0200521
0.0212856
0.0244142
0.0257331
0.0207497
0.0157783
0.0113387
0.0144923
0.0177455
0.0193178
0.0196427
0.020839
0.0238536
0.0249205
0.0200622
0.0152338
0.0109216
0.0141046
0.0172993
0.0188883
0.0192536
0.0204156
0.023321
0.0241524
0.0194144
0.0147212
0.0105293
0.0137373
0.0168754
0.0184789
0.0188832
0.0200134
0.0228142
0.0234256
0.0188034
0.0142381
0.0101601
