1
0.430288
0.34709
0.466187
0.263386
0.239189
0.281342
0.205305
0.184719
0.205932
0.188868
0.151252
0.168048
0.219361
0.14328
0.146344
0.248165
0.131949
0.132275
0.252046
0.12267
0.122023
0.228987
0.120096
0.113175
0.195092
0.129026
0.103506
0.163179
0.145232
0.0919703
0.137179
0.161556
0.0923299
0.11731
0.173216
0.0913252
0.102835
0.176317
0.0921903
0.0924673
0.167669
0.0964633
0.084307
0.149556
0.103431
0.0763165
0.129041
0.111634
0.0671323
0.110324
0.119811
0.0664931
0.0946724
0.126689
0.0678591
0.0821863
0.129814
0.0700036
0.0723282
0.125382
0.0735078
0.0640786
0.113825
0.0783192
0.0563067
0.0999301
0.0840124
0.0482214
0.0867617
0.0900102
0.047208
0.0752832
0.0954406
0.0500751
0.0655815
0.0985058
0.053146
0.0573367
0.0967097
0.0567635
0.050008
0.0898074
0.0610173
0.0430369
0.0803806
0.0657796
0.0360197
0.0707548
0.0707324
0.0341864
0.0619079
0.0752336
0.0377539
0.0540333
0.0780207
0.0412999
0.0469868
0.0775237
0.045031
0.0404909
0.0733605
0.0490398
0.0342598
0.0668302
0.0532872
0.0280792
0.0595411
0.0575684
0.0252257
0.0524222
0.0614015
0.0290234
0.0457828
0.0638995
0.032727
0.0396189
0.0640436
0.0364594
0.0338053
0.0614792
0.0402844
0.0281952
0.0568491
0.0441787
0.0226722
0.0512035
0.047986
0.0188073
0.045334
0.051334
0.0225983
0.0396155
0.0535895
0.0262844
0.0341475
0.0540652
0.0299338
0.0289022
0.0524692
0.0335801
0.0238144
0.0491177
0.0371945
0.0188264
0.0446808
0.0406425
0.014048
0.0397836
0.0436285
0.0177112
0.0348097
0.0456892
0.0212867
0.0299243
0.0463448
0.0248022
0.0251676
0.0453638
0.0282657
0.0205286
0.0428992
0.0316381
0.0159899
0.0393775
0.0347965
0.0115572
0.0352703
0.0375008
0.0139001
0.03093
0.0394036
0.0173144
0.0265546
0.0401595
0.0206676
