1
0.44122
0.363541
0.313487
0.26011
0.234964
0.236127
0.218905
0.208967
0.285104
0.350219
0.228149
0.167217
0.147736
0.142725
0.147458
0.149969
0.146101
0.166695
0.227805
0.251475
0.191081
0.134176
0.112621
0.108673
0.115922
0.11871
0.123103
0.151157
0.193814
0.206249
0.167071
0.123838
0.0985189
0.0907719
0.0978414
0.101895
0.111352
0.136509
0.167847
0.175475
0.144173
0.110139
0.0873311
0.0771673
0.0831502
0.088828
0.0990355
0.119549
0.144091
0.148833
0.122381
0.0949096
0.0755358
0.0649021
0.0700553
0.077024
0.0869404
0.104024
0.123984
0.126741
0.104528
0.0817908
0.0651642
0.0546288
0.0592106
0.067023
0.0766084
0.0912734
0.107809
0.109243
0.0905397
0.0712632
0.05666
0.0463622
0.0505067
0.058795
0.0681008
0.0810072
0.0948718
0.0954488
0.0795561
0.0628686
0.0497603
0.039743
0.0435281
0.0520329
0.0610887
0.0726712
0.0844175
0.0844464
0.0707931
0.056092
0.0441183
0.0344003
0.0378773
0.0464266
0.0552413
0.0657909
0.0758434
0.0755269
0.0636677
0.0505286
0.0394459
0.0300356
0.0332428
0.0417254
0.0502981
0.0600132
0.0687021
0.068173
0.0577653
0.0458827
0.0355245
0.026424
0.029392
0.0377377
0.0460638
0.0550821
0.0626657
0.0620122
0.0527915
0.0419419
0.0321913
0.0233986
0.0261533
0.0343184
0.0423937
0.0508132
0.0574937
0.0567736
0.0485354
0.0385519
0.0293252
0.0208353
0.0233991
0.0313572
0.0391789
0.0470719
0.0530074
0.0522592
0.0448436
0.0355995
0.026835
0.0186411
0.0210338
0.0287698
0.0363368
0.0437581
0.0490732
0.0483221
0.0416031
0.0330005
0.0246515
0.0167458
0.0189846
0.0264907
0.0338038
0.0407965
0.0455895
0.0448519
0.0387294
0.0306914
0.0227214
0.0150957
0.0171957
0.0244687
0.0315299
0.0381294
0.0424787
0.0417647
0.036158
0.0286231
0.0210032
0.0136492
0.0156235
0.0226634
0.0294758
0.0357117
0.0396804
0.0389959
0.0338395
0.0267577
0.0194641
0.0123737
