1
0.44136
0.362574
0.293674
0.239788
0.253743
0.231954
0.227391
0.358139
0.284384
0.182403
0.155192
0.149234
0.162698
0.156351
0.164596
0.232923
0.260854
0.178298
0.124642
0.115807
0.12472
0.126086
0.133032
0.175139
0.220349
0.186542
0.131313
0.101383
0.0993422
0.107601
0.112178
0.138263
0.177401
0.179631
0.135081
0.0989875
0.0831347
0.0902765
0.0945192
0.109046
0.137607
0.160119
0.130975
0.09677
0.0751442
0.0713496
0.0790977
0.0873727
0.106795
0.131566
0.124849
0.0945988
0.0711461
0.0584532
0.0648377
0.0718866
0.0846274
0.104872
0.115739
0.092956
0.0697186
0.0543359
0.0510376
0.059775
0.0688562
0.084087
0.100602
0.0913753
0.069676
0.0528378
0.0419508
0.0489313
0.0571631
0.0685009
0.0838237
0.0878677
0.070263
0.0530373
0.0407667
0.0385962
0.0475752
0.0567327
0.0693336
0.0800541
0.0707532
0.0541778
0.0409203
0.030961
0.0388852
0.0474189
0.0576992
0.0694705
0.0697628
0.0557109
0.0420379
0.0314453
0.0306328
0.0394518
0.0483644
0.0590417
0.0656987
0.0570594
0.0437326
0.0325711
0.0232529
0.0321568
0.0405842
0.0499618
0.0589481
0.0572533
0.0456489
0.0342132
0.0246695
0.0252463
0.0337318
0.0422438
0.0513271
0.0551929
0.0473476
0.0361822
0.0263641
0.0186568
0.0274101
0.035544
0.0440736
0.0508335
0.0481245
0.0382485
0.0283111
0.019527
0.0214306
0.0295147
0.0375431
0.0452159
0.0471896
0.0400803
0.0304186
0.0215463
0.0157401
0.0239165
0.031669
0.0393643
0.044352
0.0411525
0.032534
0.0236648
0.0154958
0.0186243
0.0262854
0.0337804
0.0401833
0.0408797
0.0344033
0.0258362
0.0176883
0.0135987
0.0212545
0.0285818
0.0354476
0.0390375
0.0356269
0.0279529
0.0198929
0.0122604
0.0164959
0.0237316
0.0306598
0.0359282
0.0357607
0.0298164
0.0220826
0.0145286
