0.0269775
0.338668
0.307683
0.278524
0.198157
0.155486
0.221015
0.208073
0.195095
0.0825653
0.121727
0.1695
0.165889
0.146299
0.0507632
0.0990881
0.139739
0.14164
0.112767
0.0385206
0.0831715
0.119367
0.124558
0.0918701
0.0327396
0.0711627
0.10407
0.11073
0.0782855
0.0292816
0.0616375
0.0918871
0.0987946
0.0684893
0.0264809
0.0538177
0.0817754
0.088296
0.0607084
0.0238223
0.0472531
0.0731432
0.0790324
0.0541652
0.0212494
0.0416633
0.06564
0.070859
0.0485123
0.0188145
0.0368612
0.0590472
0.0636465
0.0435684
0.0165685
0.0327099
0.0532162
0.057274
0.0392166
0.0145375
0.0291042
0.0480373
0.0516327
0.03537
0.012728
