0.47761
1.09657
1.00816
0.704148
0.750645
0.674461
0.416633
0.571922
0.536587
0.263267
0.479925
0.448147
0.238811
0.421806
0.339857
0.266764
0.380948
0.246162
0.288898
0.340024
0.173204
0.307002
0.275403
0.177213
0.311133
0.211781
0.206329
0.279422
0.157477
0.228353
0.230779
0.134759
0.244054
0.182856
0.156335
0.237921
0.140546
0.172934
0.198735
0.103847
0.186105
0.160993
0.115854
0.196702
0.127115
0.130568
0.175914
0.0970947
0.143226
0.145172
0.0853383
0.154248
0.117182
0.0991415
0.158329
0.0919418
0.111425
0.133521
0.0691844
0.12242
0.10975
0.0753848
0.132232
0.0880236
0.0871699
0.124636
0.068175
0.097895
0.104055
0.0569276
0.107689
0.0849945
0.0681549
0.114488
0.0674013
0.0784918
0.0995631
0.0511443
0.0880312
0.0825979
0.052877
0.0967903
0.0668059
0.0627716
0.0956009
0.0520984
0.0719788
0.0806758
0.0403474
0.0805632
0.0663493
0.0497953
0.0874922
0.0529202
0.0586464
0.0790503
0.0403201
0.0669508
0.0659915
0.0389081
0.0746912
0.0536394
0.0473939
0.0766519
0.0419893
0.0553972
0.0657096
0.0309899
0.0629522
0.0542806
0.0377799
0.0694329
0.0434449
0.0454846
0.0652863
0.0331718
0.0527912
0.0548505
0.0294736
0.0596668
0.0447283
0.036883
0.0630386
0.0350943
0.0439353
0.0553279
0.0259195
0.0506478
0.0458728
0.0293529
0.0565908
0.0368014
0.0361595
0.0552642
0.0281358
0.0426628
0.0468836
0.0227094
0.0488241
0.0383284
0.0292762
0.0527235
0.0301212
0.0355681
0.0476707
0.0222546
0.0415924
0.0397028
0.0231419
0.0470301
0.0319098
0.0292317
0.0474814
0.0244195
0.035082
0.0409055
0.017645
0.0406511
0.0335288
0.0235375
0.0446651
0.0263843
0.0292112
0.0417165
0.0195016
0.0346678
0.034992
0.0183931
0.0396568
0.0281744
0.0238984
0.0411696
0.0215812
0.0292097
0.0362312
0.0152156
0.0342847
0.0298078
0.0190681
0.03823
0.0234878
0.0242315
0.0368677
0.017371
0.0292134
0.031275
0.014657
0.0338113
0.0252402
0.0196783
0.035923
0.0193545
0.0245389
0.0324343
0.0136508
0.0291965
0.0268426
0.0154999
0.0329956
0.0211872
0.020235
0.0327747
0.0156846
0.0248161
0.028252
0.0116515
0.0290734
0.0228801
0.0162648
0.0314995
0.0175701
0.0207437
0.0292394
0.0124046
0.0250449
0.0244207
0.0125939
