0.0165206
0.347166
0.347041
0.34701
0.313636
0.337444
0.328473
0.314175
0.299956
0.13958
0.273615
0.262653
0.252654
0.207772
0.15062
0.228297
0.221613
0.21532
0.145152
0.143937
0.199409
0.195108
0.190664
0.111933
0.13439
0.179028
0.176297
0.164518
0.09222
0.124892
0.163502
0.162092
0.140554
0.0796247
0.11615
0.151003
0.150868
0.123753
0.0711523
0.108236
0.140489
0.141717
0.111503
0.0652427
0.101105
0.131362
0.134085
0.102302
0.0610099
0.0946543
0.123254
0.127543
0.0952047
0.0579289
0.0887892
0.11593
0.121772
0.0896224
0.0556295
0.0834414
0.109253
0.116216
0.0850733
0.0538047
0.0785346
0.103106
0.11063
0.0811678
0.0521733
0.0740108
0.0974321
0.105215
0.0775812
0.0505242
0.0698289
0.0921801
0.100094
0.0741471
0.0487634
0.0659675
0.0873103
0.0952342
0.0708044
0.046895
0.0623915
0.0827996
0.090625
0.0675601
0.0449606
0.0590903
0.0786168
0.0862687
0.0644263
0.0430152
0.0560393
0.0747579
0.0821829
0.0614418
0.0411021
0.0532264
0.0711747
0.0783453
0.0586227
0.0392534
0.050627
0.0678708
0.0747765
0.0559698
0.0374857
0.0482258
0.0648022
0.0714402
0.0534794
0.0358099
0.0460027
0.061967
0.0683453
0.0511528
0.0342264
0.0439456
0.0593237
0.0654536
0.0489774
0.0327375
0.0420358
0.0568738
0.0627659
0.0469453
0.0313384
0.0402604
0.0545898
0.0602574
0.0450441
0.0300241
0.0386062
0.0524641
0.0579223
0.0432704
0.0287914
0.0370627
0.0504699
0.0557273
0.0416018
0.0276345
0.0356202
0.0486116
0.0536788
0.0400414
0.0265443
0.0342698
0.0468599
0.0517546
0.038576
0.0255204
0.0330038
0.045223
0.0499532
0.0372017
0.0245573
0.0318137
0.0436755
0.0482493
0.0359023
0.0236506
0.0306945
0.042224
0.0466517
0.0346821
0.0227926
0.0296383
0.0408497
0.0451366
0.0335255
0.0219834
0.0286421
0.0395546
0.04371
0.0324357
0.0212159
0.0276993
0.0383262
0.0423571
0.031403
0.0204909
0.0268076
0.0371666
0.0410798
0.0304269
0.0198037
0.0259616
0.0360605
0.0398613
0.0294972
0.0191527
0.0251594
0.0350171
0.0387109
0.0286186
0.0185323
0.0243974
0.0340175
0.0376094
0.0277786
0.0179447
0.0236733
0.0330728
0.0365674
0.0269833
0.0173826
0.0229833
0.0321655
0.0355672
0.0262211
0.0168496
0.0223261
0.0313065
0.0346194
0.0254983
0.0163386
0.0216983
0.0304796
0.0337078
0.024804
0.0158534
0.021099
0.0296954
0.0328419
0.0241445
0.015387
0.0205255
0.028939
0.0320083
0.0235099
0.0149438
0.0199771
0.0282202
0.0312138
0.022906
0.0145167
0.0194513
0.0275267
0.0304487
0.0223238
0.0141105
0.0189476
0.0268658
0.0297182
0.021769
0.0137182
0.018464
0.0262268
0.0290129
0.0212332
0.0133447
0.0180008
0.0256183
0.0283392
0.0207219
0.0129832
0.0175558
0.0250278
0.0276867
0.0202273
0.0126389
0.0171281
0.0244648
0.0270636
0.0197546
0.0123048
0.0167164
0.0239175
0.0264585
0.0192967
0.0119865
0.0163199
0.0233952
0.0258804
0.0188586
0.0116769
0.0159379
0.0228866
0.0253178
0.0184336
0.0113818
0.0155695
0.0224007
0.02478
0.0180266
0.0110946
