0.17116
1.04929
0.892629
0.508171
0.677745
0.6158
0.28575
0.52403
0.475724
0.186923
0.444852
0.347188
0.226816
0.389771
0.23908
0.257125
0.327444
0.154618
0.277108
0.255297
0.13401
0.282391
0.18746
0.159663
0.251371
0.129225
0.178277
0.201125
0.0804257
0.191358
0.152542
0.0996249
0.191494
0.109441
0.11689
0.165023
0.0719771
0.131195
0.129374
0.0601477
0.140448
0.0958305
0.0763955
0.134659
0.06581
0.0906438
0.112414
0.0391784
0.102125
0.0862489
0.0482376
0.106255
0.0615144
0.0619303
0.096949
0.0390332
0.0737807
0.0785549
0.0278651
0.0816817
0.0583537
0.0407624
0.0810458
0.0391235
0.052362
0.0707597
0.021554
0.061552
0.0554553
0.0247506
0.0655402
0.0392388
0.0358051
0.0618684
0.0237914
0.0452885
0.0518783
0.0126386
0.0514928
0.0389847
0.0228321
0.0522364
