1
0.443706
0.365541
0.295784
0.241257
0.256226
0.234289
0.229894
0.361671
0.285839
0.184302
0.155992
0.150055
0.164516
0.15803
0.166535
0.235428
0.262601
0.179298
0.125335
0.11641
0.126368
0.127468
0.134602
0.177091
0.222317
0.187576
0.132078
0.101926
0.100866
0.108815
0.113425
0.139723
0.179004
0.180592
0.135598
0.0993573
0.0834338
0.0913106
0.0954361
0.110049
0.138722
0.16108
0.131233
0.0969043
0.0752303
0.0722453
0.0798447
0.0881078
0.107611
0.132438
0.125027
0.0945966
0.0711011
0.058436
0.0655273
0.0724959
0.0852707
0.105584
0.116085
0.0928931
0.0696031
0.0542292
0.0517006
0.0603449
0.0694019
0.0846804
0.101132
0.0913306
0.0695265
0.0526802
0.0418384
0.049496
0.0576665
0.069015
0.084361
0.0879845
0.0701066
0.0528536
0.0406084
0.0391574
0.0480707
0.0572014
0.0698239
0.0803836
0.0706362
0.0539847
0.0407339
0.0308177
0.0393841
0.0478702
0.0581481
0.0698895
0.0697796
0.0555253
0.0418376
0.0312738
0.0311322
0.0399026
0.0487896
0.059464
0.0659037
0.0569167
0.0435298
0.032381
0.0232495
0.0326115
0.0410015
0.0503679
0.0592746
0.0572212
0.0454578
0.0340138
0.0244972
0.0257017
0.0341501
0.0426383
0.0516939
0.0553195
0.0471978
0.0359825
0.0261785
0.0191068
0.0278313
0.035935
0.0444453
0.0510874
0.0480675
0.0380618
0.0281187
0.0193582
0.0218519
0.0299071
0.0379128
0.0455338
0.0472662
0.0399319
0.030227
0.0213677
0.0161561
0.0243109
0.0320384
0.0397049
0.0445502
0.0410834
0.0323554
0.0234811
0.0153316
0.0190179
0.0266562
0.0341278
0.0404578
0.0409242
0.0342601
0.0256541
0.0175167
0.0139866
0.0216263
0.028932
0.0357586
0.0391937
0.0355525
0.0277836
0.0197175
0.0121013
0.0168663
0.0240837
0.0309859
0.0361649
0.0357839
0.0296798
0.0219096
0.0143635
