0.0294935
0.347156
0.347027
0.346912
0.314863
0.33557
0.327431
0.31323
0.299045
0.137491
0.272843
0.262133
0.252238
0.208333
0.149653
0.227957
0.221425
0.215159
0.145617
0.143378
0.199259
0.195055
0.190643
0.112337
0.134001
0.178958
0.176328
0.164883
0.0925996
0.124608
0.163472
0.16216
0.140906
0.0799861
0.11592
0.150979
0.150966
0.124098
0.0715016
0.108042
0.140465
0.141833
0.11184
0.0655825
0.100933
0.131331
0.134202
0.102628
0.0613477
0.0944971
0.123211
0.127678
0.0955332
0.05826
0.0886465
0.115879
0.121923
0.0899446
0.0559534
0.0832999
0.109186
0.116415
0.0853881
0.054118
0.0783939
0.103033
0.110865
0.081461
0.0524672
0.0738733
0.0973491
0.105463
0.0778551
0.050793
0.0696953
0.0920875
0.100331
0.074396
0.0490076
0.0658327
0.0872113
0.0954495
0.0710276
0.0471127
0.0622618
0.082695
0.0908219
0.0677563
0.045156
0.0589631
0.0785155
0.0864457
0.0646081
0.0431919
0.0559177
0.07465
0.0823389
0.0616087
0.0412632
0.053108
0.0710755
0.0784909
0.0587727
0.0394
0.050514
0.0677684
0.0749064
0.056106
0.037621
0.0481177
0.0647073
0.0715636
0.0536074
0.0359343
0.0459006
0.0618702
0.0684567
0.0512708
0.0343432
0.0438474
0.0592362
0.0655607
0.0490876
0.0328461
0.041942
0.0567885
0.0628669
0.0470485
0.0314406
0.0401706
0.0545084
0.0603512
0.0451424
0.0301208
0.0385213
0.0523821
0.0580062
0.0433595
0.0288823
0.0369823
0.0503949
0.0558103
0.0416899
0.0277195
0.0355435
0.0485351
0.0537573
0.0401248
0.0266268
0.0341968
0.0467911
0.0518285
0.0386555
0.0255991
0.0329331
0.0451533
0.05002
0.0372743
0.0246318
0.0317461
0.0436124
0.0483152
0.035974
0.0237202
0.0306289
0.0421613
0.0467118
0.0347485
0.0228599
0.0295758
0.0407911
0.0451962
0.0335918
0.0220473
0.028582
0.0394971
0.0437665
0.0324986
0.021279
0.0276422
0.0382724
0.042411
0.031464
0.0205513
0.0267529
0.0371121
0.0411291
0.0304837
0.0198618
0.02591
0.0360111
0.0399104
0.0295536
0.0192074
0.0251099
0.0349661
0.0387551
0.0286705
0.0185856
0.0243498
0.0339713
0.0376538
0.0278306
0.0179946
0.0236268
0.0330251
0.0366073
0.0270312
0.0174319
0.0229382
0.0321225
0.0356079
0.0262694
0.0168957
0.022282
0.0312618
0.0346565
0.0255428
0.0163844
0.0216557
0.0304398
0.0337453
0.0248491
0.0158962
0.0210575
0.0296545
0.0328763
0.0241861
0.0154297
0.0204857
0.0289023
0.0320424
0.023552
0.0149837
0.0199385
0.0281827
0.0312457
0.0229449
0.0145568
0.0194144
0.0274923
0.0304801
0.0223633
0.0141478
0.0189121
0.0268305
0.0297471
0.0218056
0.0137559
0.0184303
0.0261949
0.0290418
0.0212703
0.0133798
0.0179678
0.0255849
0.0283656
0.0207564
0.0130189
0.0175234
0.0249976
0.0277135
0.0202624
0.012672
0.0170963
0.0244332
0.0270878
0.0197873
0.0123386
0.0166853
0.0238893
0.0264833
0.01933
0.012018
0.0162898
0.0233658
0.0259026
0.0188897
0.0117092
0.0159087
0.0228605
0.0253408
0.0184656
0.011412
0.0155416
0.0223738
0.0248005
0.0180565
0.0111253
