0.285769
1.0974
1.04148
0.758937
0.779928
0.700847
0.457099
0.595202
0.558423
0.2955
0.500079
0.473133
0.239261
0.439907
0.365549
0.268662
0.39757
0.267956
0.291936
0.359391
0.191945
0.310951
0.29409
0.181108
0.324833
0.227825
0.21116
0.295577
0.171449
0.23358
0.245045
0.139331
0.248966
0.195173
0.160492
0.251131
0.151493
0.176568
0.210185
0.113808
0.189289
0.171141
0.11851
0.199706
0.136387
0.133039
0.185722
0.105727
0.14556
0.154053
0.0873348
0.156486
0.125433
0.101126
0.164979
0.0997257
0.113402
0.141556
0.076596
0.124391
0.117294
0.0771693
0.13428
0.0951939
0.088992
0.132033
0.0750445
0.0997432
0.111058
0.0586225
0.109559
0.0916874
0.0699036
0.118249
0.0738404
0.0802792
0.106132
0.0573704
0.0898469
0.0888992
0.0545856
0.0986987
0.0728903
0.0645247
0.101656
0.0579968
0.0737666
0.0866494
0.0441197
0.0823805
0.0721328
0.0515303
0.0902863
0.0585404
0.0604151
0.0847613
0.0457941
0.0687465
0.0715134
0.04063
0.0765692
0.0590146
0.0491487
0.0815595
0.0472348
0.0571782
0.071008
0.0361195
0.0647583
0.0594413
0.0395223
0.071841
0.0484889
0.0472516
0.0704172
0.0381095
0.0545781
0.0598202
0.031204
0.0615282
0.0495892
0.0386364
0.0669915
0.0398581
0.0457072
0.0601498
0.0305943
0.0524415
0.0505698
0.031093
0.058804
0.0414084
0.037918
0.0599206
0.0326604
0.0444363
0.0514396
0.0244366
0.0506643
0.0427909
0.03102
0.0560073
0.0345069
0.0373244
0.0521461
0.0265703
0.043368
0.0440367
0.0248704
0.0491208
0.0361688
0.0309723
0.0516732
0.0286122
0.0368334
0.0451443
0.0213503
0.0424639
0.0376705
0.025261
0.0475083
0.0304619
0.0309445
0.0459237
0.0235207
0.036418
0.0390353
0.0201004
0.0416584
0.0321467
0.0256133
0.0449069
0.0254974
0.0309337
0.0402291
0.0190795
0.0360657
0.0336841
0.0207652
0.0407769
0.0273067
0.0259346
0.0408358
0.0211403
0.0309331
0.0350857
0.0163358
0.0357391
0.0289694
0.0213619
0.0392533
0.0230343
0.0262298
0.036249
0.0172856
0.0309411
0.0304985
0.0171644
0.0353326
0.0247834
0.0219039
0.036498
0.0192369
0.0265005
0.0318805
0.0138554
0.0309357
0.0264025
0.0179133
0.0344908
0.0210444
0.0223976
0.0329046
0.0158387
0.0267504
0.027895
0.0142216
0.0308494
0.0227251
0.0185958
0.0327043
0.0176859
0.0228496
0.0292083
0.0127836
0.0269652
0.0242887
0.0150638
0.0304512
0.0194083
0.0192204
0.0299938
0.0146523
0.0232636
0.025723
0.0117757
0.0271
0.0210176
0.0158366
0.029351
0.016402
0.0197939
0.026916
0.0119009
0.0236318
0.0225179
0.0126744
0.0269999
