1
0.500175
0.491537
0.633969
0.418105
0.356345
0.383598
0.327986
0.306377
0.290874
0.286242
0.264046
0.252809
0.326646
0.234554
0.211597
0.365754
0.213059
0.193344
0.3885
0.1965
0.179161
0.327846
0.184639
0.178318
0.270202
0.192495
0.169379
0.224993
0.215472
0.160699
0.189482
0.238282
0.153138
0.162215
0.256169
0.145403
0.140577
0.265409
0.137465
0.128338
0.235116
0.135809
0.123145
0.195937
0.141121
0.115686
0.162388
0.149408
0.108611
0.134083
0.158285
0.102301
0.111129
0.166864
0.0967999
0.0942178
0.174777
0.0931583
0.0836538
0.160035
0.0936497
0.0839477
0.136428
0.0983825
0.0815645
0.11553
0.105427
0.0782231
0.0973317
0.113267
0.0749263
0.0820891
0.121158
0.0720296
0.070332
0.128665
0.0703725
0.0624764
0.121238
0.0713601
0.0624765
0.10475
0.075242
0.0625211
0.089819
0.0809956
0.0610686
0.0765708
0.0875951
0.0591716
0.0652368
0.0944374
0.0574421
0.0562033
0.101088
0.0566031
0.049834
0.0976053
0.0576228
0.048851
0.0851595
0.0607837
0.0501629
0.0736292
0.0655028
0.0499154
0.063268
0.0710586
0.0489036
0.0542634
0.0769591
0.0478302
0.0469039
0.0827913
0.0473871
0.0414872
0.0816333
0.0483194
0.0394198
0.0718828
0.050914
0.0414042
0.0625286
0.0548315
0.0419672
0.0540405
0.0595504
0.0416191
0.0465707
0.0646633
0.0410019
0.0403429
0.0697919
0.0407859
0.0355969
0.0700407
0.0416098
0.032507
0.0623067
0.0437615
0.0348394
0.0544606
0.0470525
0.0359437
0.0472793
0.0510985
0.0361176
0.0408951
0.0555628
0.0358703
0.0354828
0.0600986
0.0358184
0.0312387
0.0611874
0.0365449
0.028269
0.0550777
0.0383488
0.0297251
0.0483446
0.0411425
0.0311851
0.042124
0.0446424
0.0317645
0.0365451
0.0485672
0.0318366
0.0317493
0.0526049
0.0319311
0.0278978
0.0541768
0.0325858
0.025099
0.0494233
0.0341155
0.0256259
0.0435564
0.0365084
0.0273134
0.0380712
0.0395586
0.0282017
0.0331138
0.0430319
0.0285497
0.0288006
0.0466477
0.0287881
0.0252659
0.0484789
0.0294015
0.022612
0.044867
0.0307169
0.0222669
0.0397113
0.0327834
0.0240944
0.0348078
0.0354594
0.0252123
0.0303435
0.0385502
0.0257931
0.0264188
0.0418053
0.0261739
0.0231462
0.0437559
0.0267764
0.0206185
0.0411011
0.0279279
0.0194651
0.0365574
0.029728
0.0213727
0.032128
0.0320889
0.0226573
0.0280652
0.034853
0.02343
0.0244603
0.0377967
0.0239472
0.0214086
0.039781
0.0245641
0.0189929
0.0379193
0.0255953
0.0172198
0.0339237
0.027178
0.0190404
0.0298915
0.0292727
0.0204427
0.026162
0.0317554
0.02137
0.0228251
0.0344285
0.0220129
0.0199627
0.0363937
0.022663
0.0176478
0.0351792
0.0236108
0.0158945
0.0316889
0.0250181
0.0170191
0.0279988
0.0268873
0.0185022
0.0245516
0.0291257
0.019551
0.0214429
0.0315617
0.0203055
0.0187448
0.0334767
0.0210008
0.0165213
0.0327818
0.0218955
0.0147904
0.0297646
0.0231635
0.0152506
0.0263778
0.024842
0.0167863
0.0231732
0.0268681
0.0179286
0.0202615
0.0290952
0.0187797
0.0177077
0.0309415
0.0195256
0.0155678
0.0306575
0.0203912
0.0138616
0.0280846
0.0215512
0.0136905
0.024974
0.0230693
0.0152577
0.0219821
0.0249106
0.0164704
0.0192424
0.0269527
0.0174024
0.0168163
0.0287207
0.0182
0.0147536
0.028756
0.0190543
0.013074
0.0265989
0.0201327
0.0123045
0.023746
0.0215174
0.0138871
0.0209435
0.0231982
0.0151513
0.0183558
0.0250763
0.0161498
0.0160441
0.0267616
0.0169969
0.0140528
0.0270411
0.0178523
0.0124011
0.0252685
0.0188709
0.0110651
0.0226616
0.0201458
0.0126513
0.0200308
0.0216878
0.0139517
0.017579
0.0234203
0.0150036
0.0153702
0.0250222
0.0158957
0.0134453
0.0254853
0.0167604
0.0118226
0.0240638
0.017737
0.0104753
0.0216947
0.0189229
0.0115314
0.0192228
0.0203453
0.0128557
0.0168936
0.0219487
0.0139494
