0.0173071
0.338951
0.30833
0.279295
0.198799
0.156483
0.22179
0.208813
0.195827
0.0827397
0.122625
0.170212
0.166522
0.146815
0.0508465
0.0998737
0.1404
0.142202
0.113082
0.0385767
0.0838702
0.119986
0.125075
0.0920875
0.0327884
0.0717935
0.104653
0.111212
0.0784621
0.0293329
0.0622127
0.0924372
0.0992453
0.0686496
0.0265374
0.0543457
0.082296
0.0887185
0.0608615
0.023882
0.0477402
0.0736365
0.0794296
0.0543135
0.0213093
0.042114
0.0661074
0.0712335
0.0486561
0.0188718
0.0372791
0.0594901
0.0640005
0.0437076
0.0166213
0.033098
0.0536356
0.0576095
0.0393512
0.0145848
0.0294652
0.0484344
0.0519513
0.0355
0.0127692
