1
0.442134
0.363604
0.294196
0.240851
0.254649
0.232811
0.228408
0.359721
0.285624
0.18307
0.155854
0.149885
0.163354
0.156974
0.165403
0.234025
0.261895
0.179163
0.125269
0.116303
0.125301
0.126602
0.133686
0.175997
0.221287
0.187297
0.131961
0.101859
0.0998613
0.108037
0.112671
0.138861
0.178068
0.180198
0.135514
0.0993475
0.0834119
0.0905882
0.0948285
0.109402
0.138
0.160541
0.131234
0.0969877
0.0753201
0.0715593
0.0792992
0.0875954
0.107044
0.131852
0.125032
0.094737
0.0712617
0.0585438
0.0649828
0.0720412
0.084802
0.10507
0.115906
0.0930537
0.0697993
0.0543996
0.0511496
0.0598923
0.0689877
0.0842353
0.100757
0.0914566
0.0697362
0.0528859
0.0419847
0.049026
0.0572675
0.0686186
0.083954
0.0879545
0.0703117
0.0530753
0.0407935
0.0386751
0.0476613
0.0568297
0.0694416
0.0801517
0.0707987
0.0542094
0.0409429
0.0309729
0.0389581
0.0475005
0.0577905
0.0695656
0.0698164
0.055739
0.0420577
0.031456
0.0306957
0.0395216
0.0484429
0.0591271
0.0657656
0.0570882
0.0437506
0.0325814
0.0232545
0.0322176
0.0406523
0.0500371
0.0590206
0.0572899
0.0456663
0.0342233
0.024672
0.0252995
0.0337914
0.0423102
0.0513968
0.0552413
0.0473671
0.0361923
0.0263675
0.0187038
0.0274626
0.0356027
0.0441375
0.0508899
0.0481508
0.0382595
0.0283155
0.0195249
0.0214771
0.0295668
0.0376007
0.0452736
0.0472259
0.0400939
0.0304239
0.0215457
0.0157814
0.023963
0.0317206
0.0394191
0.0443966
0.041172
0.0325406
0.0236654
0.0154908
0.0186657
0.0263318
0.033831
0.0402313
0.0409078
0.0344128
0.0258381
0.0176849
0.0136357
0.0212961
0.0286278
0.0354949
0.0390733
0.0356416
0.0279565
0.0198909
0.0122536
0.0165332
0.0237733
0.0307045
0.0359683
0.0357826
0.0298228
0.022082
0.0145233
