0.012677
0.338799
0.307769
0.278578
0.198452
0.155893
0.221029
0.208069
0.195129
0.0825597
0.122044
0.169556
0.16588
0.146366
0.0507018
0.0993711
0.139837
0.141639
0.112779
0.0384407
0.0834386
0.119494
0.12458
0.0918424
0.0326554
0.0714188
0.104221
0.110782
0.0782459
0.0292072
0.0618869
0.0920546
0.0988739
0.0684582
0.0264258
0.054061
0.0819572
0.0883981
0.0606938
0.0237868
0.0474904
0.0733356
0.0791529
0.0541681
0.0212308
0.0418936
0.0658403
0.070993
0.0485305
0.0188084
0.0370843
0.0592522
0.0637901
0.0435992
0.016571
0.0329247
0.0534231
0.0574243
0.0392573
0.0145454
0.0293105
0.0482438
0.0517874
0.0354184
0.012739
