1
0.500242
0.495968
0.668926
0.428021
0.376888
0.40652
0.334828
0.313649
0.298017
0.289574
0.268943
0.257464
0.332247
0.238683
0.222922
0.37233
0.216692
0.203695
0.397702
0.199773
0.188736
0.342692
0.187077
0.182169
0.283454
0.194927
0.172114
0.236722
0.219372
0.16325
0.199633
0.242911
0.155523
0.170571
0.259738
0.146513
0.145494
0.266855
0.136617
0.129862
0.241098
0.133773
0.122917
0.20129
0.139263
0.114914
0.167188
0.148021
0.10771
0.138262
0.157253
0.101328
0.114627
0.166073
0.0956736
0.0972715
0.174237
0.0914471
0.0869072
0.164957
0.0914
0.0838481
0.141033
0.0962726
0.0806584
0.119751
0.10371
0.077069
0.1011
0.111896
0.0737069
0.0853606
0.120044
0.0706664
0.0732473
0.127854
0.0685673
0.0654463
0.125607
0.06916
0.0626054
0.108881
0.0731074
0.0617941
0.0936425
0.0791639
0.059882
0.0800305
0.0860744
0.0578375
0.0683117
0.0931652
0.055961
0.0589838
0.100133
0.0547765
0.0526005
0.101424
0.0554841
0.049104
0.0889305
0.0586669
0.0496713
0.0771419
0.0636262
0.0488344
0.0664819
0.069457
0.0475441
0.0571658
0.0755916
0.0462908
0.0495594
0.0817383
0.0455628
0.0440947
0.0847767
0.0462399
0.0408256
0.0753642
0.0488296
0.0411107
0.0657863
0.0529383
0.0410594
0.057049
0.0579001
0.040312
0.0493195
0.0632357
0.0394518
0.0428812
0.0686685
0.038978
0.0380712
0.0724117
0.0395831
0.0350267
0.065546
0.0417128
0.0346897
0.0575061
0.0451574
0.0352204
0.0501109
0.0494194
0.0349208
0.0435057
0.0540926
0.0343544
0.037911
0.0589217
0.0340403
0.0335963
0.0628191
0.0345672
0.030724
0.0581053
0.0363369
0.0296741
0.0512075
0.0392537
0.0306278
0.0447997
0.0429454
0.0307093
0.0390312
0.0470676
0.0303957
0.0340746
0.0513855
0.0301999
0.0301507
0.0551845
0.0306568
0.027422
0.0522479
0.0321404
0.0258019
0.0462588
0.0346313
0.0268941
0.0406089
0.0378525
0.0272958
0.0354845
0.0415111
0.0272139
0.0310292
0.0453934
0.0271236
0.0274233
0.0489946
0.0275252
0.0248195
0.0474782
0.0287787
0.0231985
0.0422709
0.0309216
0.0237845
0.0372203
0.0337495
0.0244486
0.0326085
0.0370152
0.0245814
0.0285569
0.0405226
0.0245963
0.0252156
0.0438937
0.0249609
0.0227239
0.0434706
0.0260296
0.0211015
0.0389878
0.0278842
0.0211478
0.0344262
0.0303795
0.0220211
0.030232
0.0333077
0.0223489
0.0265129
0.0364909
0.0224731
0.0233961
0.0396301
0.0228205
0.0210064
0.0400109
0.0237417
0.019385
0.0362344
0.0253558
0.0188805
0.0320853
0.0275676
0.0199169
0.0282369
0.0302037
0.0204171
0.0247971
0.0331031
0.0206531
0.0218736
0.0360212
0.0210029
0.0195775
0.0369625
0.021809
0.0179614
0.0338841
0.0232217
0.0169228
0.0300959
0.0251896
0.0180696
0.0265406
0.0275708
0.0187184
0.0233384
0.0302203
0.0190649
0.0205833
0.0329324
0.0194347
0.0183739
0.0342417
0.020154
0.0167668
0.0318433
0.0213983
0.0156944
0.0283849
0.0231555
0.0164317
0.0250816
0.0253127
0.0172055
0.0220845
0.0277405
0.0176577
0.0194777
0.0302625
0.0180612
0.0173486
0.0317964
0.0187189
0.0157545
0.0300401
0.0198237
0.0146527
0.0268968
0.0213983
0.014968
0.0238144
0.0233575
0.015845
0.0209964
0.0255876
0.0163948
0.0185214
0.027935
0.0168418
0.0164671
0.0295913
0.0174599
0.0148893
0.0284193
0.0184505
0.0137629
0.0255889
0.0198668
0.0136512
0.0227043
0.0216505
0.0146119
0.0200444
0.0237033
0.0152496
0.0176875
0.0258904
0.0157459
0.0157031
0.0275992
0.0163425
0.0141438
0.026939
0.0172415
0.0129981
0.0244268
0.0185214
0.01246
0.0217241
0.0201491
0.0134873
0.0192053
0.0220422
0.0142025
0.0169548
0.0240821
0.0147503
0.0150358
0.025797
0.0153402
0.0134974
0.0255687
0.0161678
0.012337
0.023383
0.0173306
0.0114519
0.0208521
0.0188197
0.0124565
0.0184609
0.0205684
0.0132387
0.0163071
0.0224732
0.0138376
0.0144492
0.0241644
0.014432
0.0129332
0.0242876
0.0152057
0.0117625
0.0224343
0.0162694
0.010856
0.0200707
0.0176355
0.0115078
0.0177964
0.0192537
0.0123467
0.015731
0.021034
0.0129945
0.0139307
0.0226823
0.0136015
0.0124382
0.0230825
0.0143364
0.0112612
0.0215617
0.0153171
0.0103359
0.0193655
0.0165746
0.0106317
