1
0.439995
0.362036
0.312009
0.259924
0.233348
0.23494
0.217776
0.207879
0.283719
0.349324
0.228021
0.166341
0.147629
0.142595
0.146433
0.149139
0.1453
0.16581
0.226783
0.250768
0.190884
0.134089
0.112549
0.108562
0.11512
0.118035
0.122432
0.150408
0.192992
0.205639
0.166829
0.123713
0.0984464
0.0906723
0.0971663
0.101318
0.110773
0.135878
0.167166
0.174983
0.143986
0.110051
0.0872882
0.0771021
0.0825782
0.0883388
0.0985575
0.119038
0.143543
0.148494
0.122291
0.0948946
0.0755487
0.0648857
0.0695645
0.0766042
0.0865414
0.103604
0.123539
0.126514
0.104508
0.0818281
0.0652164
0.0546479
0.058777
0.0666504
0.0762623
0.0909147
0.107439
0.109086
0.0905615
0.0713311
0.0567344
0.046403
0.0501153
0.058455
0.0677895
0.0806909
0.0945577
0.0953345
0.0796013
0.0629528
0.0498455
0.0397962
0.0431686
0.051717
0.0608015
0.072385
0.0841457
0.0843589
0.0708506
0.0561841
0.0442079
0.0344605
0.0375436
0.0461299
0.0549724
0.065528
0.0756043
0.0754564
0.0637307
0.0506233
0.0395362
0.0300993
0.0329305
0.0414448
0.0500436
0.0597681
0.0684885
0.0681135
0.0578291
0.0459768
0.0356132
0.0264891
0.0290981
0.0374709
0.0458213
0.0548517
0.0624722
0.0619593
0.0528534
0.0420332
0.0322775
0.0234638
0.0258757
0.0340639
0.0421613
0.0505949
0.0573158
0.0567247
0.0485934
0.0386392
0.029408
0.0208996
0.0231359
0.0311138
0.0389555
0.0468637
0.0528421
0.0522123
0.0448967
0.0356821
0.0269142
0.018704
0.0207837
0.0285364
0.0361215
0.0435587
0.0489178
0.0482758
0.0416507
0.0330782
0.024727
0.016807
0.0187463
0.0262665
0.0335958
0.0406049
0.0454424
0.0448053
0.038771
0.0307638
0.022793
0.0151551
0.0169683
0.024253
0.0313287
0.0379448
0.0423383
0.0417172
0.0361938
0.0286904
0.0210711
0.0137068
0.015406
0.0224556
0.0292809
0.0355334
0.0395452
0.038947
0.0338693
0.0268198
0.0195286
0.0124294
