1
0.509943
0.505574
0.460106
0.410712
0.369029
0.337943
0.314406
0.506832
0.42211
0.265067
0.246456
0.244431
0.234089
0.224854
0.222927
0.324474
0.37716
0.26508
0.18692
0.19071
0.185768
0.180579
0.180431
0.244067
0.320717
0.268554
0.196451
0.16025
0.158029
0.152401
0.147849
0.180935
0.233568
0.238503
0.178013
0.126137
0.12623
0.12228
0.118229
0.128326
0.167536
0.209357
0.161868
0.116701
0.103301
0.102567
0.0995126
0.0990797
0.124088
0.159317
0.151178
0.112324
0.0805096
0.0886581
0.0863582
0.0839588
0.0946907
0.122898
0.143625
0.109764
0.0789059
0.0764041
0.0765467
0.0744134
0.0760071
0.0960293
0.122463
0.108074
0.0797446
0.061575
0.0688732
0.0672217
0.0657338
0.0762275
0.0982691
0.106887
0.0810917
0.0580507
0.0610579
0.0614847
0.0597646
0.0625835
0.0792804
0.100377
0.0824654
0.0603672
0.0507515
0.0566581
0.0553268
0.0545628
0.0645459
0.0826533
0.0837386
0.0630125
0.0449045
0.0511541
0.0516521
0.0501973
0.0538095
0.068144
0.0842076
0.0655453
0.0475775
0.0434702
0.0483614
0.0472113
0.0470867
0.0564811
0.07186
0.0678546
0.0506143
0.0359066
0.0442419
0.0447206
0.0434964
0.0476292
0.0601972
0.0698943
0.0535675
0.038544
0.0382411
0.0423552
0.0413197
0.0417679
0.0505759
0.0639408
0.0563068
0.041613
0.0311363
0.0391436
0.0395653
0.0385787
0.0430398
0.0542379
0.0588043
0.0446666
0.0318528
0.0343022
0.0378032
0.0368539
0.0378071
0.0460631
0.0577258
0.0475527
0.034804
0.0283986
0.0352278
0.0355747
0.0348449
0.0394968
0.0496018
0.0502289
0.0378112
0.0267186
0.0312281
0.0342315
0.0333603
0.0347527
0.0425014
0.0518648
0.0407035
0.0294921
0.0262252
0.0321245
0.0323928
0.0319343
0.0366779
0.0458867
0.0434229
0.0323826
0.0226732
0.0287616
0.0313509
0.0305642
0.0323291
0.0396164
0.0458165
0.0352095
0.0252459
0.0244572
0.0296028
0.0297956
0.0296169
0.0343817
0.0428125
0.0379019
0.0279896
0.0197727
0.0267366
0.0289763
0.0282874
0.0303611
0.0372309
0.0404094
0.030715
0.0217857
0.0229891
0.0275119
0.0276372
0.0277374
0.0324748
0.0400676
0.0333411
0.0243705
0.0188322
0.0250426
0.026984
0.0264082
0.0287324
0.0352235
0.0358308
0.0269775
0.0189222
0.0217486
0.0257481
0.0258179
0.0261887
0.0308648
0.0371771
0.0295169
0.0213463
0.0180303
0.0236031
0.0252874
0.0248399
0.0273626
0.0335033
0.0319497
0.0238275
0.016521
0.0206852
0.0242382
0.0242684
0.0248946
0.029487
0.033968
0.0262703
0.0187879
0.0173366
0.0223632
0.023825
0.0235185
0.026195
0.0319767
0.0286308
0.0211423
0.0144858
0.0197621
0.0229298
0.0229372
0.0238
0.0282936
0.0308057
0.0234841
0.0166018
0.0167291
0.0212825
0.0225519
0.0223963
0.0251877
0.0304985
0.0257652
0.0188317
0.0135188
0.0189521
0.0217843
0.0217858
0.0228637
0.0272472
0.0279356
0.0210719
0.0147174
0.0161922
0.0203312
0.021435
0.0214357
0.0243093
0.0288576
0.0232701
0.0168265
0.0132358
0.0182342
0.0207719
0.0207848
0.0220545
0.0263118
0.0253908
0.0189665
0.013081
0.0157127
0.019486
0.0204488
0.0206078
0.0235364
0.0269589
0.0210817
0.0150739
0.0129802
0.0175924
0.0198706
0.0199105
0.021349
0.0254409
0.0231394
0.0171165
0.0116512
0.0152809
0.0187289
0.0195736
0.0198893
0.02285
0.0249483
0.0191495
0.013533
0.0127477
0.0170141
0.0190625
0.0191442
0.0207286
0.0245549
0.0211403
0.0154812
0.0103952
0.0148891
0.0180462
0.0187938
0.0192619
0.0222328
0.0230035
0.0174342
0.0121709
